6604
0 L 0 2 2
0 L 0 45 1
0 L 0 342 1
0 D 251 2 1
0 D 565 2 1
0 D 1023 45 1
0 D 762 342 1
0 L 0 43 1
0 L 0 52 1
0 L 0 259 1
0 D 5 43 1
0 D 133 52 1
0 D 229 259 1
0 L 0 57 1
0 L 0 72 1
0 L 0 74 1
0 D 536 57 1
0 D 874 72 1
0 D 986 74 1
0 L 5 26 2
0 L 5 32 1
0 L 5 47 1
0 D 428 26 1
0 D 13 26 1
0 D 228 32 1
0 D 432 47 1
0 L 4 15 2
0 L 4 63 1
0 D 1196 15 1
0 D 849 15 1
0 D 289 63 1
0 L 4 16 3
0 L 4 63 1
0 D 627 16 1
0 D 621 16 1
0 D 704 16 1
0 D 440 63 1
0 L 9 12 1
0 L 9 16 1
0 L 9 63 1
0 L 9 342 1
0 D 0 12 1
0 D 597 16 1
0 D 367 63 1
0 D 93 342 1
0 L 4 57 1
0 L 4 59 1
0 L 4 112 1
0 D 382 57 1
0 D 606 59 1
0 D 281 112 1
0 L 3 24 2
0 L 3 26 1
0 L 3 63 1
0 D 749 24 1
0 D 454 24 1
0 D 262 26 1
0 D 210 63 1
0 L 3 24 1
0 L 3 26 3
0 L 3 299 1
0 D 655 24 1
0 D 701 26 1
0 D 427 26 1
0 D 67 26 1
0 D 471 299 1
0 L 3 36 1
0 L 3 37 1
0 L 3 80 1
0 D 1026 36 1
0 D 826 37 1
0 D 808 80 1
0 L 3 46 2
0 L 3 264 1
0 D 1188 46 1
0 D 408 46 1
0 D 110 264 1
0 L 5 46 1
0 L 5 60 1
0 L 5 149 1
0 D 214 46 1
0 D 208 60 1
0 D 85 149 1
0 L 5 48 1
0 L 5 65 1
0 L 5 252 1
0 D 713 48 1
0 D 1087 65 1
0 D 1073 252 1
0 L 3 75 1
0 L 3 80 2
0 L 3 299 2
0 D 14 75 1
0 D 20 80 1
0 D 480 80 1
0 D 1158 299 1
0 D 867 299 1
0 L 3 75 1
0 L 3 80 2
0 L 3 299 2
0 D 1069 75 1
0 D 665 80 1
0 D 1084 80 1
0 D 653 299 1
0 D 789 299 1
0 L 4 91 1
0 L 4 95 1
0 L 4 162 1
0 D 281 91 1
0 D 58 95 1
0 D 1185 162 1
0 L 6 48 1
0 L 6 70 1
0 D 230 48 1
0 D 191 70 1
0 L 6 51 2
0 L 6 79 1
0 D 651 51 1
0 D 1125 51 1
0 D 559 79 1
0 L 9 38 1
0 L 9 52 2
0 D 596 38 1
0 D 28 52 1
0 D 1037 52 1
0 L 0 99 1
0 L 0 103 1
0 D 72 99 1
0 D 1166 103 1
0 L 4 139 3
0 L 4 141 1
0 D 724 139 1
0 D 541 139 1
0 D 637 139 1
0 D 949 141 1
0 L 4 155 1
0 L 4 180 1
0 D 1038 155 1
0 D 410 180 1
0 L 4 164 2
0 D 909 164 1
0 D 694 164 1
0 L 4 175 1
0 L 4 185 1
0 D 344 175 1
0 D 1204 185 1
0 L 3 127 1
0 L 3 129 1
0 D 373 127 1
0 D 39 129 1
0 L 3 127 1
0 L 3 129 1
0 D 996 127 1
0 D 1125 129 1
0 L 3 127 1
0 L 3 138 1
0 L 3 149 1
0 D 613 127 1
0 D 911 138 1
0 D 112 149 1
0 L 3 127 1
0 L 3 149 1
0 L 3 159 1
0 D 732 127 1
0 D 487 149 1
0 D 792 159 1
0 L 3 135 2
0 D 522 135 1
0 D 298 135 1
0 L 3 135 2
0 D 214 135 1
0 D 176 135 1
0 L 2 30 1
0 L 2 56 1
0 D 728 30 1
0 D 685 56 1
0 L 9 75 1
0 L 9 81 1
0 L 9 128 1
0 D 537 75 1
0 D 617 81 1
0 D 85 128 1
0 L 5 99 1
0 L 5 104 1
0 D 773 99 1
0 D 894 104 1
0 L 3 164 2
0 D 333 164 1
0 D 281 164 1
0 L 3 167 1
0 L 3 172 2
0 D 386 167 1
0 D 1155 172 1
0 D 844 172 1
0 L 3 167 1
0 L 3 172 2
0 D 786 167 1
0 D 477 172 1
0 D 169 172 1
0 L 3 167 1
0 L 3 180 1
0 D 522 167 1
0 D 613 180 1
0 L 3 175 1
0 L 3 189 1
0 L 3 283 1
0 D 304 175 1
0 D 373 189 1
0 D 786 283 1
0 L 3 175 1
0 L 3 189 1
0 L 3 283 1
0 D 222 175 1
0 D 1175 189 1
0 D 1161 283 1
0 L 3 177 1
0 L 3 181 1
0 D 456 177 1
0 D 212 181 1
0 L 3 180 1
0 L 3 186 1
0 L 3 216 1
0 D 592 180 1
0 D 187 186 1
0 D 1010 216 1
0 L 3 194 1
0 L 3 199 1
0 D 333 194 1
0 D 1204 199 1
0 L 3 199 2
0 L 3 208 1
0 D 552 199 1
0 D 535 199 1
0 D 972 208 1
0 L 3 204 2
0 L 3 210 1
0 D 1052 204 1
0 D 420 204 1
0 D 635 210 1
0 L 3 206 1
0 L 3 214 1
0 L 3 227 1
0 D 856 206 1
0 D 14 214 1
0 D 29 227 1
0 L 3 224 2
0 D 922 224 1
0 D 61 224 1
0 L 0 143 1
0 L 0 146 1
0 L 0 179 1
0 D 1037 143 1
0 D 181 146 1
0 D 598 179 1
0 L 0 150 1
0 L 0 157 1
0 D 740 150 1
0 D 61 157 1
0 L 0 150 1
0 L 0 157 1
0 D 506 150 1
0 D 84 157 1
0 L 0 154 2
0 D 160 154 1
0 D 276 154 1
0 L 7 97 3
0 L 7 138 1
0 D 1035 97 1
0 D 570 97 1
0 D 365 97 1
0 D 445 138 1
0 L 5 113 3
0 L 5 230 1
0 D 1126 113 1
0 D 1026 113 1
0 D 272 113 1
0 D 673 230 1
1 L 0 2 2
1 L 0 45 1
1 L 0 342 1
1 D 431 2 1
1 D 733 2 1
1 D 1064 45 1
1 D 856 342 1
1 L 0 43 1
1 L 0 65 1
1 D 228 43 1
1 D 102 65 1
1 L 4 2 2
1 L 4 45 1
1 L 4 342 1
1 D 514 2 1
1 D 1070 2 1
1 D 850 45 1
1 D 711 342 1
1 L 4 2 2
1 L 4 45 1
1 L 4 342 1
1 D 694 2 1
1 D 380 2 1
1 D 58 45 1
1 D 766 342 1
1 L 4 11 4
1 L 4 63 1
1 D 844 11 1
1 D 353 11 1
1 D 1140 11 1
1 D 69 11 1
1 D 948 63 1
1 L 4 35 4
1 L 4 42 1
1 D 1039 35 1
1 D 114 35 1
1 D 64 35 1
1 D 611 35 1
1 D 119 42 1
1 L 4 43 1
1 L 4 70 1
1 D 102 43 1
1 D 139 70 1
1 L 4 57 1
1 L 4 59 1
1 L 4 162 1
1 D 186 57 1
1 D 759 59 1
1 D 727 162 1
1 L 4 64 1
1 L 4 74 1
1 L 4 76 1
1 D 966 64 1
1 D 1166 74 1
1 D 1201 76 1
1 L 4 75 1
1 L 4 78 1
1 L 4 162 1
1 D 711 75 1
1 D 407 78 1
1 D 273 162 1
1 L 3 27 2
1 L 3 35 1
1 L 3 264 1
1 D 805 27 1
1 D 166 27 1
1 D 1168 35 1
1 D 205 264 1
1 L 3 36 1
1 L 3 40 1
1 L 3 45 1
1 D 998 36 1
1 D 1113 40 1
1 D 383 45 1
1 L 2 30 1
1 L 2 35 1
1 L 2 44 1
1 D 1202 30 1
1 D 16 35 1
1 D 1200 44 1
1 L 5 48 1
1 L 5 70 1
1 D 746 48 1
1 D 55 70 1
1 L 6 48 1
1 L 6 53 2
1 D 666 48 1
1 D 339 53 1
1 D 402 53 1
1 L 7 19 1
1 L 7 52 2
1 L 7 145 3
1 D 1077 19 1
1 D 837 52 1
1 D 438 52 1
1 D 415 145 1
1 D 1171 145 1
1 D 168 145 1
1 L 4 127 1
1 L 4 139 1
1 L 4 252 1
1 D 105 127 1
1 D 33 139 1
1 D 1114 252 1
1 L 4 132 1
1 L 4 133 1
1 L 4 152 1
1 D 209 132 1
1 D 458 133 1
1 D 1227 152 1
1 L 4 133 2
1 L 4 139 1
1 L 4 259 1
1 D 605 133 1
1 D 849 133 1
1 D 1101 139 1
1 D 574 259 1
1 L 6 61 2
1 L 6 115 1
1 D 896 61 1
1 D 376 61 1
1 D 42 115 1
1 L 9 58 4
1 L 9 88 1
1 D 1174 58 1
1 D 1025 58 1
1 D 533 58 1
1 D 163 58 1
1 D 119 88 1
1 L 4 155 1
1 L 4 181 1
1 L 4 230 1
1 D 569 155 1
1 D 159 181 1
1 D 11 230 1
1 L 4 173 1
1 L 4 185 1
1 D 1136 173 1
1 D 441 185 1
1 L 0 110 1
1 L 0 111 1
1 D 860 110 1
1 D 644 111 1
1 L 0 110 1
1 L 0 111 1
1 D 1127 110 1
1 D 322 111 1
1 L 4 190 2
1 L 4 216 1
1 D 600 190 1
1 D 397 190 1
1 D 766 216 1
1 L 4 191 2
1 L 4 192 2
1 D 902 191 1
1 D 1129 191 1
1 D 2 192 1
1 D 516 192 1
1 L 4 205 2
1 D 207 205 1
1 D 942 205 1
1 L 9 70 1
1 L 9 75 1
1 D 815 70 1
1 D 1163 75 1
1 L 9 75 1
1 L 9 81 1
1 L 9 128 1
1 D 918 75 1
1 D 832 81 1
1 D 649 128 1
1 L 7 83 5
1 D 195 83 1
1 D 270 83 1
1 D 965 83 1
1 D 997 83 1
1 D 95 83 1
1 L 5 85 1
1 L 5 96 2
1 D 142 85 1
1 D 759 96 1
1 D 972 96 1
1 L 3 159 6
1 D 617 159 1
1 D 433 159 1
1 D 766 159 1
1 D 514 159 1
1 D 720 159 1
1 D 1070 159 1
1 L 9 85 1
1 L 9 98 1
1 L 9 329 1
1 D 967 85 1
1 D 990 98 1
1 D 103 329 1
1 L 4 306 2
1 L 4 330 1
1 D 1188 306 1
1 D 495 306 1
1 D 59 330 1
1 L 4 326 1
1 L 4 348 1
1 D 1066 326 1
1 D 734 348 1
1 L 4 347 1
1 L 4 348 1
1 L 4 360 1
1 D 703 347 1
1 D 809 348 1
1 D 544 360 1
1 L 4 361 2
1 D 727 361 1
1 D 533 361 1
1 L 4 378 2
1 L 4 382 1
1 D 207 378 1
1 D 976 378 1
1 D 422 382 1
1 L 4 393 1
1 L 4 394 1
1 D 422 393 1
1 D 586 394 1
1 L 4 394 3
1 D 965 394 1
1 D 20 394 1
1 D 773 394 1
1 L 3 214 2
1 L 3 278 1
1 D 772 214 1
1 D 323 214 1
1 D 1190 278 1
1 L 7 97 3
1 L 7 122 1
1 D 73 97 1
1 D 681 97 1
1 D 385 97 1
1 D 426 122 1
1 L 2 30 1
1 L 2 84 1
1 L 2 149 1
1 D 360 30 1
1 D 235 84 1
1 D 671 149 1
2 L 0 2 1
2 L 0 31 1
2 L 0 34 1
2 L 0 299 1
2 D 61 2 1
2 D 162 31 1
2 D 257 34 1
2 D 73 299 1
2 L 3 6 1
2 L 3 8 2
2 L 3 10 1
2 L 3 47 1
2 D 1112 6 1
2 D 642 8 1
2 D 83 8 1
2 D 10 10 1
2 D 1219 47 1
2 L 3 18 2
2 D 535 18 1
2 D 507 18 1
2 L 2 3 1
2 L 2 7 1
2 L 2 50 2
2 D 523 3 1
2 D 359 7 1
2 D 1065 50 1
2 D 470 50 1
2 L 0 64 1
2 L 0 73 1
2 L 0 114 1
2 D 680 64 1
2 D 684 73 1
2 D 762 114 1
2 L 0 64 1
2 L 0 73 1
2 L 0 114 1
2 D 653 64 1
2 D 969 73 1
2 D 615 114 1
2 L 0 73 3
2 D 981 73 1
2 D 370 73 1
2 D 435 73 1
2 L 4 78 4
2 L 4 162 1
2 D 1105 78 1
2 D 1156 78 1
2 D 485 78 1
2 D 1031 78 1
2 D 633 162 1
2 L 3 57 1
2 L 3 70 1
2 L 3 77 1
2 D 831 57 1
2 D 656 70 1
2 D 567 77 1
2 L 6 43 1
2 L 6 53 2
2 D 291 43 1
2 D 737 53 1
2 D 12 53 1
2 L 3 83 3
2 L 3 88 3
2 D 124 83 1
2 D 1243 83 1
2 D 110 83 1
2 D 273 88 1
2 D 414 88 1
2 D 195 88 1
2 L 7 19 1
2 L 7 60 1
2 L 7 145 2
2 D 344 19 1
2 D 995 60 1
2 D 364 145 1
2 D 1213 145 1
2 L 6 51 2
2 L 6 81 1
2 D 668 51 1
2 D 1060 51 1
2 D 1167 81 1
2 L 6 61 1
2 L 6 64 1
2 D 572 61 1
2 D 34 64 1
2 L 6 64 1
2 L 6 76 1
2 L 6 81 1
2 D 1035 64 1
2 D 335 76 1
2 D 763 81 1
2 L 5 64 1
2 L 5 71 2
2 D 751 64 1
2 D 1130 71 1
2 D 1045 71 1
2 L 4 185 3
2 D 1163 185 1
2 D 877 185 1
2 D 582 185 1
2 L 9 69 2
2 L 9 128 1
2 D 105 69 1
2 D 641 69 1
2 D 1060 128 1
2 L 3 135 2
2 D 1148 135 1
2 D 447 135 1
2 L 4 206 1
2 L 4 208 3
2 D 899 206 1
2 D 963 208 1
2 D 614 208 1
2 D 578 208 1
2 L 9 75 1
2 L 9 76 1
2 D 280 75 1
2 D 388 76 1
2 L 9 75 1
2 L 9 81 1
2 L 9 128 1
2 D 1035 75 1
2 D 706 81 1
2 D 104 128 1
2 L 3 153 4
2 L 3 278 1
2 D 1065 153 1
2 D 1093 153 1
2 D 503 153 1
2 D 288 153 1
2 D 88 278 1
2 L 5 98 1
2 L 5 100 1
2 D 394 98 1
2 D 786 100 1
2 L 3 163 4
2 D 169 163 1
2 D 611 163 1
2 D 39 163 1
2 D 949 163 1
2 L 4 293 3
2 L 4 352 1
2 D 1120 293 1
2 D 921 293 1
2 D 1247 293 1
2 D 786 352 1
2 L 3 167 1
2 L 3 180 1
2 D 629 167 1
2 D 996 180 1
2 L 3 173 1
2 L 3 181 1
2 D 1059 173 1
2 D 520 181 1
2 L 3 175 1
2 L 3 189 1
2 L 3 283 1
2 D 693 175 1
2 D 996 189 1
2 D 1210 283 1
2 L 5 99 1
2 L 5 104 1
2 D 655 99 1
2 D 863 104 1
2 L 4 374 3
2 D 753 374 1
2 D 451 374 1
2 D 111 374 1
2 L 6 90 2
2 L 6 138 1
2 D 795 90 1
2 D 1126 90 1
2 D 581 138 1
2 L 9 100 1
2 L 9 104 1
2 L 9 128 1
2 D 396 100 1
2 D 848 104 1
2 D 1014 128 1
2 L 0 150 1
2 L 0 157 1
2 D 777 150 1
2 D 343 157 1
2 L 0 150 1
2 L 0 157 1
2 D 345 150 1
2 D 246 157 1
2 L 0 150 1
2 L 0 157 1
2 D 562 150 1
2 D 977 157 1
2 L 5 113 3
2 L 5 149 1
2 D 153 113 1
2 D 661 113 1
2 D 198 113 1
2 D 615 149 1
2 L 0 154 1
2 L 0 157 1
2 D 698 154 1
2 D 790 157 1
2 L 0 157 2
2 L 0 230 1
2 D 813 157 1
2 D 985 157 1
2 D 763 230 1
2 L 5 113 3
2 L 5 230 1
2 D 1027 113 1
2 D 1094 113 1
2 D 214 113 1
2 D 701 230 1
2 L 7 97 3
2 L 7 138 1
2 D 574 97 1
2 D 1198 97 1
2 D 502 97 1
2 D 496 138 1
2 L 3 228 2
2 L 3 304 1
2 D 148 228 1
2 D 1135 228 1
2 D 869 304 1
2 L 3 228 2
2 L 3 304 1
2 D 756 228 1
2 D 1033 228 1
2 D 331 304 1
3 L 0 3 1
3 L 0 31 1
3 L 0 45 1
3 D 229 3 1
3 D 774 31 1
3 D 674 45 1
3 L 0 48 1
3 L 0 70 1
3 D 620 48 1
3 D 1228 70 1
3 L 0 57 1
3 L 0 72 1
3 L 0 74 1
3 D 1246 57 1
3 D 374 72 1
3 D 290 74 1
3 L 5 32 2
3 D 53 32 1
3 D 991 32 1
3 L 7 10 1
3 L 7 15 1
3 L 7 50 1
3 L 7 145 1
3 D 846 10 1
3 D 97 15 1
3 D 212 50 1
3 D 996 145 1
3 L 3 18 2
3 D 191 18 1
3 D 597 18 1
3 L 6 16 3
3 L 6 63 1
3 D 946 16 1
3 D 374 16 1
3 D 111 16 1
3 D 1185 63 1
3 L 6 17 4
3 L 6 342 1
3 D 569 17 1
3 D 581 17 1
3 D 1211 17 1
3 D 170 17 1
3 D 910 342 1
3 L 6 26 5
3 D 880 26 1
3 D 985 26 1
3 D 412 26 1
3 D 1205 26 1
3 D 536 26 1
3 L 0 73 3
3 D 833 73 1
3 D 49 73 1
3 D 632 73 1
3 L 3 27 2
3 L 3 35 1
3 L 3 259 1
3 D 987 27 1
3 D 957 27 1
3 D 994 35 1
3 D 629 259 1
3 L 3 32 2
3 D 510 32 1
3 D 1043 32 1
3 L 3 43 1
3 L 3 65 1
3 L 3 264 1
3 D 668 43 1
3 D 324 65 1
3 D 633 264 1
3 L 3 48 1
3 L 3 65 1
3 L 3 264 1
3 D 1052 48 1
3 D 708 65 1
3 D 59 264 1
3 L 4 81 5
3 L 4 162 1
3 D 753 81 1
3 D 301 81 1
3 D 863 81 1
3 D 1046 81 1
3 D 1076 81 1
3 D 713 162 1
3 L 0 82 1
3 L 0 92 1
3 L 0 96 1
3 D 691 82 1
3 D 492 92 1
3 D 750 96 1
3 L 0 85 1
3 L 0 92 1
3 L 0 126 1
3 D 147 85 1
3 D 1018 92 1
3 D 549 126 1
3 L 5 57 1
3 L 5 60 1
3 D 1243 57 1
3 D 928 60 1
3 L 0 91 1
3 L 0 92 1
3 D 541 91 1
3 D 1198 92 1
3 L 6 48 1
3 L 6 70 1
3 D 265 48 1
3 D 574 70 1
3 L 6 51 2
3 L 6 79 1
3 L 6 299 1
3 D 728 51 1
3 D 1071 51 1
3 D 722 79 1
3 D 679 299 1
3 L 9 57 1
3 L 9 58 2
3 D 440 57 1
3 D 1146 58 1
3 D 1244 58 1
3 L 6 57 1
3 L 6 60 1
3 D 1095 57 1
3 D 57 60 1
3 L 6 57 1
3 L 6 60 1
3 D 383 57 1
3 D 1061 60 1
3 L 6 75 1
3 L 6 81 1
3 L 6 115 1
3 D 700 75 1
3 D 952 81 1
3 D 1068 115 1
3 L 9 61 2
3 L 9 126 1
3 D 200 61 1
3 D 526 61 1
3 D 1142 126 1
3 L 4 175 1
3 L 4 185 1
3 D 264 175 1
3 D 851 185 1
3 L 3 124 1
3 L 3 129 3
3 D 471 124 1
3 D 806 129 1
3 D 158 129 1
3 D 298 129 1
3 L 3 127 1
3 L 3 138 2
3 D 983 127 1
3 D 633 138 1
3 D 680 138 1
3 L 3 127 1
3 L 3 149 2
3 D 293 127 1
3 D 808 149 1
3 D 1108 149 1
3 L 3 132 1
3 L 3 133 1
3 L 3 159 1
3 D 1175 132 1
3 D 184 133 1
3 D 1038 159 1
3 L 3 133 1
3 L 3 135 1
3 L 3 159 1
3 D 506 133 1
3 D 1210 135 1
3 D 224 159 1
3 L 3 136 2
3 L 3 153 1
3 D 37 136 1
3 D 806 136 1
3 D 629 153 1
3 L 3 136 2
3 L 3 153 1
3 D 844 136 1
3 D 716 136 1
3 D 886 153 1
3 L 3 136 1
3 L 3 141 1
3 L 3 153 1
3 D 495 136 1
3 D 1038 141 1
3 D 773 153 1
3 L 3 141 1
3 L 3 143 1
3 L 3 203 1
3 D 752 141 1
3 D 250 143 1
3 D 851 203 1
3 L 3 151 2
3 D 1038 151 1
3 D 478 151 1
3 L 3 153 4
3 L 3 203 1
3 D 246 153 1
3 D 615 153 1
3 D 72 153 1
3 D 257 153 1
3 D 988 203 1
3 L 3 153 4
3 L 3 278 1
3 D 268 153 1
3 D 1163 153 1
3 D 735 153 1
3 D 1143 153 1
3 D 1149 278 1
3 L 5 99 1
3 L 5 104 1
3 D 414 99 1
3 D 1010 104 1
3 L 3 164 2
3 D 49 164 1
3 D 988 164 1
3 L 3 164 2
3 D 986 164 1
3 D 752 164 1
3 L 7 85 1
3 L 7 95 1
3 L 7 114 1
3 D 592 85 1
3 D 1043 95 1
3 D 54 114 1
3 L 7 85 1
3 L 7 97 1
3 L 7 126 1
3 D 1239 85 1
3 D 649 97 1
3 D 466 126 1
3 L 3 178 1
3 L 3 188 1
3 D 1038 178 1
3 D 359 188 1
3 L 7 93 1
3 L 7 97 1
3 L 7 105 1
3 D 109 93 1
3 D 759 97 1
3 D 299 105 1
3 L 3 202 2
3 D 116 202 1
3 D 576 202 1
4 L 0 8 2
4 L 0 31 2
4 D 215 8 1
4 D 1023 8 1
4 D 578 31 1
4 D 918 31 1
4 L 1 2 2
4 L 1 28 1
4 D 918 2 1
4 D 98 2 1
4 D 815 28 1
4 L 1 2 1
4 L 1 3 1
4 L 1 50 1
4 D 405 2 1
4 D 1039 3 1
4 D 247 50 1
4 L 6 8 5
4 L 6 47 1
4 D 566 8 1
4 D 771 8 1
4 D 615 8 1
4 D 1127 8 1
4 D 489 8 1
4 D 36 47 1
4 L 6 15 2
4 L 6 63 1
4 D 335 15 1
4 D 289 15 1
4 D 955 63 1
4 L 6 24 2
4 L 6 26 1
4 L 6 63 1
4 D 285 24 1
4 D 55 24 1
4 D 374 26 1
4 D 490 63 1
4 L 6 26 5
4 D 4 26 1
4 D 113 26 1
4 D 182 26 1
4 D 735 26 1
4 D 1183 26 1
4 L 9 12 1
4 L 9 25 1
4 L 9 63 2
4 D 806 12 1
4 D 566 25 1
4 D 98 63 1
4 D 637 63 1
4 L 2 30 1
4 L 2 35 1
4 L 2 44 1
4 D 1155 30 1
4 D 884 35 1
4 D 966 44 1
4 L 4 86 3
4 L 4 137 1
4 D 12 86 1
4 D 628 86 1
4 D 1204 86 1
4 D 76 137 1
4 L 4 86 3
4 L 4 149 1
4 D 396 86 1
4 D 334 86 1
4 D 981 86 1
4 D 1120 149 1
4 L 4 99 1
4 L 4 114 1
4 L 4 149 1
4 D 128 99 1
4 D 96 114 1
4 D 902 149 1
4 L 4 110 1
4 L 4 119 1
4 D 307 110 1
4 D 703 119 1
4 L 4 127 1
4 L 4 129 1
4 L 4 162 1
4 D 103 127 1
4 D 296 129 1
4 D 584 162 1
4 L 2 30 1
4 L 2 56 1
4 D 199 30 1
4 D 417 56 1
4 L 3 99 1
4 L 3 104 1
4 D 94 99 1
4 D 648 104 1
4 L 3 100 1
4 L 3 106 1
4 L 3 329 1
4 D 456 100 1
4 D 323 106 1
4 D 577 329 1
4 L 3 100 1
4 L 3 106 1
4 D 112 100 1
4 D 1188 106 1
4 L 3 117 1
4 L 3 118 1
4 L 3 120 1
4 D 145 117 1
4 D 1069 118 1
4 D 1158 120 1
4 L 3 121 3
4 D 1092 121 1
4 D 10 121 1
4 D 450 121 1
4 L 3 121 3
4 D 605 121 1
4 D 778 121 1
4 D 561 121 1
4 L 4 139 5
4 D 92 139 1
4 D 421 139 1
4 D 836 139 1
4 D 414 139 1
4 D 1000 139 1
4 L 7 32 2
4 D 864 32 1
4 D 1239 32 1
4 L 4 167 1
4 L 4 185 1
4 L 4 216 1
4 D 1130 167 1
4 D 1048 185 1
4 D 1142 216 1
4 L 4 185 3
4 D 426 185 1
4 D 691 185 1
4 D 714 185 1
4 L 2 30 1
4 L 2 56 1
4 D 1228 30 1
4 D 447 56 1
4 L 4 202 2
4 D 662 202 1
4 D 432 202 1
4 L 4 205 2
4 D 1192 205 1
4 D 295 205 1
4 L 4 216 2
4 L 4 218 3
4 D 173 216 1
4 D 256 216 1
4 D 385 218 1
4 D 472 218 1
4 D 1111 218 1
4 L 4 227 1
4 L 4 229 2
4 D 56 227 1
4 D 1157 229 1
4 D 909 229 1
4 L 4 239 1
4 L 4 243 1
4 L 4 278 1
4 D 849 239 1
4 D 1045 243 1
4 D 1239 278 1
4 L 4 260 1
4 L 4 283 1
4 L 4 300 1
4 D 362 260 1
4 D 940 283 1
4 D 797 300 1
4 L 4 270 2
4 D 233 270 1
4 D 1071 270 1
4 L 4 273 1
4 L 4 281 1
4 D 530 273 1
4 D 734 281 1
4 L 4 273 1
4 L 4 287 1
4 L 4 313 1
4 D 37 273 1
4 D 1059 287 1
4 D 814 313 1
4 L 4 275 2
4 L 4 290 1
4 D 949 275 1
4 D 375 275 1
4 D 1039 290 1
4 L 4 291 1
4 L 4 293 1
4 L 4 297 1
4 D 556 291 1
4 D 135 293 1
4 D 778 297 1
4 L 4 306 2
4 L 4 352 2
4 D 880 306 1
4 D 380 306 1
4 D 729 352 1
4 D 1093 352 1
4 L 6 90 2
4 L 6 138 1
4 D 540 90 1
4 D 851 90 1
4 D 689 138 1
4 L 6 90 2
4 L 6 149 1
4 D 157 90 1
4 D 612 90 1
4 D 1145 149 1
4 L 6 100 1
4 L 6 104 1
4 L 6 149 1
4 D 277 100 1
4 D 1241 104 1
4 D 897 149 1
4 L 6 101 2
4 D 1163 101 1
4 D 523 101 1
5 L 0 10 2
5 L 0 50 1
5 D 1023 10 1
5 D 924 10 1
5 D 88 50 1
5 L 5 1 5
5 D 295 1 1
5 D 148 1 1
5 D 99 1 1
5 D 694 1 1
5 D 858 1 1
5 L 4 2 2
5 L 4 45 1
5 L 4 62 2
5 L 4 197 1
5 D 1077 2 1
5 D 1074 2 1
5 D 336 45 1
6 L 0 10 2
6 L 0 50 1
6 D 752 10 1
6 D 488 10 1
6 D 339 50 1
6 L 5 8 5
6 L 5 47 1
6 D 300 8 1
6 D 169 8 1
6 D 158 8 1
6 D 878 8 1
6 D 27 8 1
6 D 1218 47 1
6 L 3 0 1
6 L 3 2 1
6 L 3 6 3
6 L 3 62 2
6 D 187 0 1
6 D 831 2 1
6 D 338 6 1
6 D 541 6 1
6 D 1094 6 1
6 D 851 62 1
6 D 145 62 1
6 L 4 10 2
6 L 4 50 1
6 L 4 342 1
6 D 52 10 1
6 D 706 10 1
6 D 331 50 1
6 D 207 342 1
6 L 4 17 4
6 D 1196 17 1
6 D 561 17 1
6 D 150 17 1
6 D 1051 17 1
6 L 4 26 4
6 L 4 35 1
6 D 56 26 1
6 D 523 26 1
6 D 1070 26 1
6 D 721 26 1
6 D 563 35 1
6 L 4 38 1
6 L 4 59 1
6 L 4 112 1
6 D 99 38 1
6 D 71 59 1
6 D 460 112 1
6 L 4 57 1
6 L 4 59 1
6 L 4 162 1
6 D 1168 57 1
6 D 153 59 1
6 D 948 162 1
6 L 4 75 1
6 L 4 78 1
6 L 4 162 1
6 D 585 75 1
6 D 766 78 1
6 D 184 162 1
6 L 3 27 2
6 L 3 35 1
6 L 3 259 1
6 D 678 27 1
6 D 733 27 1
6 D 744 35 1
6 D 184 259 1
6 L 3 38 1
6 L 3 60 1
6 D 589 38 1
6 D 45 60 1
6 L 3 48 1
6 L 3 70 1
6 D 54 48 1
6 D 873 70 1
6 L 3 48 1
6 L 3 70 1
6 D 1097 48 1
6 D 911 70 1
6 L 3 57 1
6 L 3 60 1
6 D 1155 57 1
6 D 411 60 1
6 L 3 57 1
6 L 3 74 2
6 L 3 264 1
6 D 149 57 1
6 D 54 74 1
6 D 1017 74 1
6 D 265 264 1
6 L 4 86 3
6 L 4 149 1
6 L 4 299 1
6 D 298 86 1
6 D 690 86 1
6 D 86 86 1
6 D 753 149 1
6 D 1039 299 1
6 L 4 99 1
6 L 4 104 1
6 D 778 99 1
6 D 432 104 1
6 L 4 99 1
6 L 4 104 1
6 D 1032 99 1
6 D 1074 104 1
6 L 4 99 1
6 L 4 114 1
6 L 4 149 1
6 D 165 99 1
6 D 422 114 1
6 D 143 149 1
6 L 3 85 1
6 L 3 94 2
6 D 1215 85 1
6 D 649 94 1
6 D 353 94 1
6 L 3 94 5
6 L 3 126 1
6 D 1029 94 1
6 D 1013 94 1
6 D 482 94 1
6 D 365 94 1
6 D 347 94 1
6 D 450 126 1
6 L 3 121 3
6 D 454 121 1
6 D 54 121 1
6 D 991 121 1
6 L 7 19 1
6 L 7 61 1
6 L 7 145 1
6 D 596 19 1
6 D 74 61 1
6 D 162 145 1
6 L 6 75 1
6 L 6 81 1
6 L 6 126 1
6 D 726 75 1
6 D 73 81 1
6 D 220 126 1
6 L 6 85 1
6 L 6 88 3
6 D 771 85 1
6 D 538 88 1
6 D 36 88 1
6 D 655 88 1
6 L 6 89 3
6 L 6 96 1
6 D 1014 89 1
6 D 698 89 1
6 D 681 89 1
6 D 1096 96 1
6 L 6 89 3
6 L 6 96 1
6 D 977 89 1
6 D 492 89 1
6 D 1019 89 1
6 D 770 96 1
6 L 5 75 1
6 L 5 81 1
6 L 5 149 1
6 D 229 75 1
6 D 663 81 1
6 D 695 149 1
6 L 3 153 4
6 L 3 215 1
6 D 1044 153 1
6 D 78 153 1
6 D 779 153 1
6 D 514 153 1
6 D 117 215 1
6 L 3 159 6
6 D 540 159 1
6 D 972 159 1
6 D 446 159 1
6 D 479 159 1
6 D 646 159 1
6 D 33 159 1
6 L 4 273 1
6 L 4 287 1
6 L 4 313 1
6 D 655 273 1
6 D 1231 287 1
6 D 576 313 1
6 L 4 273 1
6 L 4 288 1
6 D 1104 273 1
6 D 401 288 1
6 L 4 301 3
6 L 4 360 1
6 D 646 301 1
6 D 519 301 1
6 D 782 301 1
6 D 264 360 1
6 L 4 322 1
6 L 4 327 1
6 D 1201 322 1
6 D 309 327 1
6 L 4 323 1
6 L 4 345 1
6 D 642 323 1
6 D 233 345 1
6 L 4 348 2
6 L 4 360 2
6 D 401 348 1
6 D 551 348 1
6 D 563 360 1
6 D 132 360 1
6 L 4 375 2
6 L 4 378 1
6 L 4 397 1
6 D 544 375 1
6 D 1123 375 1
6 D 1074 378 1
6 D 901 397 1
6 L 4 382 3
6 D 1076 382 1
6 D 849 382 1
6 D 1032 382 1
6 L 4 393 1
6 L 4 394 1
6 D 407 393 1
6 D 87 394 1
6 L 4 398 2
6 D 1008 398 1
6 D 460 398 1
7 L 0 15 2
7 L 0 62 1
7 L 0 259 1
7 D 193 15 1
7 D 1200 15 1
7 D 777 62 1
7 D 462 259 1
7 L 0 36 1
7 L 0 37 1
7 L 0 112 1
7 D 198 36 1
7 D 624 37 1
7 D 292 112 1
7 L 0 48 1
7 L 0 70 1
7 D 1057 48 1
7 D 697 70 1
7 L 5 21 1
7 L 5 23 6
7 L 5 63 1
7 D 643 21 1
7 D 106 23 1
7 D 931 23 1
7 D 763 23 1
7 D 589 23 1
7 D 579 23 1
7 D 700 23 1
7 D 1243 63 1
7 L 5 36 1
7 L 5 37 1
7 L 5 63 2
7 D 141 36 1
7 D 311 37 1
7 D 407 63 1
7 D 930 63 1
7 L 3 18 2
7 D 827 18 1
7 D 289 18 1
7 L 4 32 2
7 D 135 32 1
7 D 1066 32 1
7 L 4 32 2
7 D 1162 32 1
7 D 1039 32 1
7 L 4 38 1
7 L 4 45 2
7 L 4 63 3
7 D 1008 38 1
7 D 1081 45 1
7 D 320 45 1
7 D 188 63 1
7 D 597 63 1
7 D 1224 63 1
7 L 6 17 2
7 L 6 21 1
7 L 6 26 1
7 L 6 47 1
7 L 6 342 1
7 D 107 17 1
7 D 1016 17 1
7 D 955 21 1
7 D 191 26 1
7 D 220 47 1
7 D 277 342 1
7 L 6 34 2
7 L 6 35 3
7 D 174 34 1
7 D 51 34 1
7 D 859 35 1
7 D 650 35 1
7 D 686 35 1
7 L 6 36 1
7 L 6 37 1
7 L 6 112 1
7 D 581 36 1
7 D 942 37 1
7 D 781 112 1
7 L 6 40 1
7 L 6 42 1
7 L 6 51 1
7 L 6 299 1
7 D 467 40 1
7 D 781 42 1
7 D 950 51 1
7 D 627 299 1
7 L 6 43 1
7 L 6 53 2
7 D 611 43 1
7 D 331 53 1
7 D 945 53 1
7 L 9 14 2
7 D 163 14 1
7 D 1110 14 1
7 L 0 85 1
7 L 0 92 1
7 L 0 137 1
7 D 553 85 1
7 D 1075 92 1
7 D 229 137 1
7 L 0 92 3
7 L 0 96 1
7 D 270 92 1
7 D 710 92 1
7 D 135 92 1
7 D 732 96 1
7 L 5 57 1
7 L 5 71 2
7 L 5 299 1
7 D 611 57 1
7 D 12 71 1
7 D 403 71 1
7 D 720 299 1
7 L 9 29 6
7 L 9 259 1
7 D 812 29 1
7 D 1228 29 1
7 D 399 29 1
7 D 568 29 1
7 D 1094 29 1
7 D 830 29 1
7 D 1044 259 1
7 L 4 150 1
7 L 4 152 1
7 L 4 156 1
7 L 4 328 1
7 D 375 150 1
7 D 295 152 1
7 D 436 156 1
7 D 186 328 1
7 L 4 155 1
7 L 4 172 2
7 D 206 155 1
7 D 449 172 1
7 D 711 172 1
7 L 4 155 1
7 L 4 185 1
7 L 4 203 1
7 D 819 155 1
7 D 721 185 1
7 D 984 203 1
7 L 4 185 1
7 L 4 186 1
7 L 4 189 1
7 D 518 185 1
7 D 544 186 1
7 D 966 189 1
7 L 4 194 1
7 L 4 200 1
7 L 4 278 1
7 D 934 194 1
7 D 449 200 1
7 D 1201 278 1
7 L 4 194 1
7 L 4 201 1
7 L 4 283 1
7 D 114 194 1
7 D 33 201 1
7 D 921 283 1
7 L 4 214 2
7 L 4 278 1
7 D 307 214 1
7 D 1144 214 1
7 D 849 278 1
7 L 4 218 5
7 D 296 218 1
7 D 44 218 1
7 D 1113 218 1
7 D 832 218 1
7 D 1079 218 1
7 L 4 223 2
7 L 4 245 1
7 D 100 223 1
7 D 467 223 1
7 D 401 245 1
7 L 4 225 1
7 L 4 226 1
7 L 4 268 1
7 D 850 225 1
7 D 1089 226 1
7 D 289 268 1
7 L 4 242 2
7 D 263 242 1
7 D 166 242 1
7 L 9 85 1
7 L 9 96 2
7 D 170 85 1
7 D 252 96 1
7 D 868 96 1
7 L 9 85 1
7 L 9 96 2
7 D 1197 85 1
7 D 942 96 1
7 D 3 96 1
7 L 4 273 1
7 L 4 288 1
7 D 865 273 1
7 D 363 288 1
7 L 4 291 2
7 D 1052 291 1
7 D 881 291 1
7 L 7 85 1
7 L 7 95 1
7 L 7 109 1
7 D 1086 85 1
7 D 714 95 1
7 D 869 109 1
7 L 3 175 1
7 L 3 191 1
7 L 3 283 1
7 D 368 175 1
7 D 1133 191 1
7 D 194 283 1
7 L 3 178 1
7 L 3 188 1
7 D 823 178 1
7 D 996 188 1
7 L 3 178 1
7 L 3 188 1
7 D 430 178 1
7 D 965 188 1
7 L 3 186 2
7 L 3 216 1
7 D 85 186 1
7 D 339 186 1
7 D 483 216 1
7 L 7 93 1
7 L 7 97 1
7 L 7 105 1
7 D 847 93 1
7 D 153 97 1
7 D 851 105 1
7 L 3 221 2
7 L 3 227 1
7 L 3 300 1
7 D 508 221 1
7 D 979 221 1
7 D 740 227 1
7 D 456 300 1
7 L 3 224 2
7 D 517 224 1
7 D 1029 224 1
7 L 2 30 1
7 L 2 84 1
7 L 2 149 1
7 D 405 30 1
7 D 592 84 1
7 D 1019 149 1
7 L 7 97 3
7 L 7 123 1
7 D 1180 97 1
7 D 614 97 1
7 D 557 97 1
7 D 95 123 1
7 L 5 113 3
7 L 5 203 1
7 D 517 113 1
7 D 941 113 1
7 D 312 113 1
7 D 928 203 1
7 L 0 157 2
7 D 214 157 1
7 D 1112 157 1
7 L 0 157 2
7 D 1095 157 1
7 D 1150 157 1
7 L 6 107 1
7 L 6 117 1
7 L 6 122 1
7 D 52 107 1
7 D 527 117 1
7 D 1053 122 1
7 L 6 107 1
7 L 6 119 1
7 D 1045 107 1
7 D 985 119 1
7 L 0 157 2
7 D 1139 157 1
7 D 1005 157 1
7 L 3 228 2
7 L 3 328 1
7 D 1114 228 1
7 D 242 228 1
7 D 403 328 1
7 L 3 228 2
7 L 3 328 1
7 D 813 228 1
7 D 644 228 1
7 D 1158 328 1
7 L 3 228 2
7 L 3 328 1
7 D 214 228 1
7 D 284 228 1
7 D 520 328 1
7 L 3 228 2
7 L 3 328 1
7 D 574 228 1
7 D 376 228 1
7 D 930 328 1
7 L 3 228 2
7 L 3 328 1
7 D 887 228 1
7 D 201 228 1
7 D 476 328 1
7 L 3 229 2
7 L 3 233 1
7 D 417 229 1
7 D 386 229 1
7 D 961 233 1
7 L 5 113 3
7 L 5 300 1
7 D 622 113 1
7 D 472 113 1
7 D 119 113 1
7 D 592 300 1
7 L 3 229 1
7 L 3 233 3
7 D 102 229 1
7 D 243 233 1
7 D 693 233 1
7 D 290 233 1
7 L 5 113 3
7 L 5 328 1
7 D 809 113 1
7 D 139 113 1
7 D 726 113 1
7 D 764 328 1
7 L 2 49 1
7 L 2 104 1
7 L 2 149 1
7 D 828 49 1
7 D 319 104 1
7 D 139 149 1
8 L 0 15 2
8 L 0 63 1
8 D 1249 15 1
8 D 402 15 1
8 D 215 63 1
8 L 0 36 1
8 L 0 37 1
8 L 0 112 1
8 D 243 36 1
8 D 189 37 1
8 D 151 112 1
8 L 5 16 1
8 L 5 17 2
8 L 5 21 1
8 D 184 16 1
8 D 14 17 1
8 D 867 17 1
8 D 20 21 1
8 L 3 10 1
8 L 3 13 4
8 L 3 50 1
8 D 17 10 1
8 D 844 13 1
8 D 142 13 1
8 D 598 13 1
8 D 794 13 1
8 D 1218 50 1
8 L 3 18 2
8 D 154 18 1
8 D 791 18 1
8 L 4 16 3
8 L 4 63 1
8 D 65 16 1
8 D 183 16 1
8 D 647 16 1
8 D 78 63 1
8 L 4 34 1
8 L 4 35 4
8 L 4 63 1
8 D 422 34 1
8 D 944 35 1
8 D 209 35 1
8 D 265 35 1
8 D 551 35 1
8 D 937 63 1
8 L 9 12 1
8 L 9 21 2
8 D 850 12 1
8 D 26 21 1
8 D 179 21 1
8 L 8 5 5
8 L 8 47 1
8 D 714 5 1
8 D 482 5 1
8 D 54 5 1
8 D 1172 5 1
8 D 682 5 1
8 D 907 47 1
8 L 4 75 1
8 L 4 78 1
8 L 4 162 1
8 D 185 75 1
8 D 362 78 1
8 D 441 162 1
8 L 0 73 3
8 D 514 73 1
8 D 758 73 1
8 D 23 73 1
8 L 9 12 1
8 L 9 25 1
8 L 9 77 1
8 D 67 12 1
8 D 1001 25 1
8 D 505 77 1
8 L 9 14 2
8 D 1092 14 1
8 D 649 14 1
8 L 7 19 1
8 L 7 46 1
8 L 7 145 1
8 D 1189 19 1
8 D 637 46 1
8 D 221 145 1
8 L 3 75 1
8 L 3 80 2
8 D 278 75 1
8 D 1090 80 1
8 D 201 80 1
8 L 6 51 2
8 L 6 79 1
8 L 6 299 1
8 D 36 51 1
8 D 874 51 1
8 D 1090 79 1
8 D 1236 299 1
8 L 9 14 1
8 L 9 29 3
8 D 733 14 1
8 D 442 29 1
8 D 281 29 1
8 D 668 29 1
8 L 3 119 2
8 L 3 120 1
8 D 925 119 1
8 D 169 119 1
8 D 436 120 1
8 L 5 57 1
8 L 5 71 2
8 D 427 57 1
8 D 308 71 1
8 D 1110 71 1
8 L 0 99 1
8 L 0 104 1
8 D 509 99 1
8 D 824 104 1
8 L 0 100 1
8 L 0 104 1
8 L 0 149 1
8 D 350 100 1
8 D 609 104 1
8 D 462 149 1
8 L 0 100 1
8 L 0 104 1
8 L 0 203 1
8 D 1189 100 1
8 D 142 104 1
8 D 1064 203 1
8 L 5 64 1
8 L 5 71 2
8 D 330 64 1
8 D 637 71 1
8 D 284 71 1
8 L 8 22 9
8 D 195 22 1
8 D 359 22 1
8 D 507 22 1
8 D 1000 22 1
8 D 424 22 1
8 D 1131 22 1
8 D 547 22 1
8 D 246 22 1
8 D 99 22 1
8 L 4 194 1
8 L 4 200 1
8 L 4 278 1
8 D 607 194 1
8 D 1123 200 1
8 D 1109 278 1
8 L 4 204 2
8 L 4 208 1
8 D 978 204 1
8 D 870 204 1
8 D 658 208 1
8 L 4 221 2
8 L 4 226 1
8 D 805 221 1
8 D 679 221 1
8 D 863 226 1
8 L 4 226 2
8 L 4 227 2
8 D 250 226 1
8 D 837 226 1
8 D 802 227 1
8 D 366 227 1
8 L 4 270 2
8 D 798 270 1
8 D 135 270 1
8 L 4 270 2
8 D 108 270 1
8 D 523 270 1
8 L 4 273 1
8 L 4 281 1
8 D 592 273 1
8 D 711 281 1
8 L 4 273 1
8 L 4 287 1
8 L 4 318 1
8 D 1129 273 1
8 D 14 287 1
8 D 817 318 1
8 L 4 293 1
8 L 4 297 3
8 D 1142 293 1
8 D 435 297 1
8 D 114 297 1
8 D 64 297 1
8 L 3 167 1
8 L 3 172 1
8 L 3 189 1
8 D 304 167 1
8 D 996 172 1
8 D 205 189 1
8 L 3 173 1
8 L 3 181 1
8 D 436 173 1
8 D 961 181 1
8 L 5 99 1
8 L 5 104 1
8 D 1003 99 1
8 D 204 104 1
8 L 3 176 1
8 L 3 181 1
8 D 665 176 1
8 D 740 181 1
8 L 5 100 1
8 L 5 104 1
8 L 5 149 1
8 D 943 100 1
8 D 355 104 1
8 D 64 149 1
8 L 3 190 1
8 L 3 192 2
8 D 281 190 1
8 D 793 192 1
8 D 1141 192 1
8 L 4 394 3
8 D 945 394 1
8 D 1137 394 1
8 D 1094 394 1
8 L 0 140 2
8 L 0 168 1
8 D 197 140 1
8 D 1237 140 1
8 D 1021 168 1
8 L 0 154 2
8 D 860 154 1
8 D 1200 154 1
8 L 5 113 3
8 L 5 203 1
8 D 959 113 1
8 D 129 113 1
8 D 361 113 1
8 D 1200 203 1
8 L 5 113 3
8 L 5 203 1
8 D 823 113 1
8 D 1092 113 1
8 D 281 113 1
8 D 361 203 1
8 L 5 113 3
8 L 5 230 1
8 D 1231 113 1
8 D 1075 113 1
8 D 135 113 1
8 D 1007 230 1
8 L 3 225 1
8 L 3 228 1
8 D 14 225 1
9 L 0 15 2
9 L 0 63 1
9 D 292 15 1
9 D 83 15 1
9 D 732 63 1
9 L 5 1 5
9 D 1113 1 1
9 D 460 1 1
9 D 1237 1 1
9 D 868 1 1
9 D 503 1 1
9 L 6 2 2
9 L 6 45 1
9 L 6 342 1
9 D 675 2 1
9 D 609 2 1
9 D 174 45 1
9 D 896 342 1
9 L 6 2 1
9 L 6 8 3
9 L 6 299 1
9 D 877 2 1
9 D 1145 8 1
9 D 569 8 1
9 D 1047 8 1
9 D 597 299 1
9 L 6 15 2
9 L 6 63 1
9 D 872 15 1
9 D 1185 15 1
9 D 225 63 1
9 L 6 16 3
9 L 6 63 1
9 D 1145 16 1
9 D 553 16 1
9 D 837 16 1
9 D 546 63 1
9 L 6 36 1
9 L 6 37 1
9 L 6 63 2
9 D 201 36 1
9 D 656 37 1
9 D 763 63 1
9 D 419 63 1
9 L 2 7 2
9 L 2 35 1
9 L 2 252 1
9 D 364 7 1
9 D 569 7 1
9 D 356 35 1
9 D 512 252 1
9 L 2 30 1
9 L 2 35 1
9 L 2 44 1
9 D 1086 30 1
9 D 183 35 1
9 D 996 44 1
9 L 3 64 1
9 L 3 76 1
9 L 3 80 1
9 L 3 112 1
9 D 1222 64 1
9 D 508 76 1
9 D 668 80 1
9 D 179 112 1
9 L 8 5 5
9 L 8 252 1
9 D 962 5 1
9 D 280 5 1
9 D 949 5 1
9 D 511 5 1
9 D 385 5 1
9 D 1126 252 1
9 L 3 80 1
9 L 3 81 4
9 L 3 88 1
9 D 360 80 1
9 D 1052 81 1
9 D 648 81 1
9 D 37 81 1
9 D 808 81 1
9 D 62 88 1
9 L 3 96 5
9 D 1155 96 1
9 D 844 96 1
9 D 833 96 1
9 D 696 96 1
9 D 20 96 1
9 L 3 96 2
9 L 3 101 1
9 L 3 126 1
9 D 1125 96 1
9 D 144 96 1
9 D 553 101 1
9 D 979 126 1
9 L 3 100 1
9 L 3 106 1
9 L 3 329 1
9 D 1006 100 1
9 D 972 106 1
9 D 1132 329 1
9 L 4 133 2
9 L 4 139 1
9 D 810 133 1
9 D 70 133 1
9 D 75 139 1
9 L 3 121 3
9 D 221 121 1
9 D 334 121 1
9 D 614 121 1
9 L 9 58 4
9 L 9 88 1
9 D 1115 58 1
9 D 833 58 1
9 D 394 58 1
9 D 977 58 1
9 D 1107 88 1
9 L 6 75 1
9 L 6 81 1
9 L 6 126 1
9 D 16 75 1
9 D 58 81 1
9 D 543 126 1
9 L 6 85 1
9 L 6 88 1
9 L 6 89 1
9 D 247 85 1
9 D 113 88 1
9 D 269 89 1
9 L 6 89 3
9 L 6 96 1
9 D 165 89 1
9 D 944 89 1
9 D 149 89 1
9 D 618 96 1
9 L 6 90 2
9 L 6 114 1
9 D 1198 90 1
9 D 111 90 1
9 D 1241 114 1
9 L 6 90 2
9 L 6 114 1
9 D 376 90 1
9 D 1104 90 1
9 D 640 114 1
9 L 6 90 2
9 L 6 114 1
9 D 675 90 1
9 D 499 90 1
9 D 566 114 1
9 L 6 90 2
9 L 6 114 1
9 D 308 90 1
9 D 793 90 1
9 D 491 114 1
9 L 6 90 2
9 L 6 126 1
9 D 672 90 1
9 D 452 90 1
9 D 364 126 1
9 L 4 292 1
9 L 4 293 1
9 L 4 352 1
9 D 899 292 1
9 D 858 293 1
9 D 322 352 1
9 L 4 306 2
9 L 4 314 1
9 D 631 306 1
9 D 967 306 1
9 D 336 314 1
9 L 4 323 1
9 L 4 345 1
9 D 1101 323 1
9 D 787 345 1
9 L 4 350 2
9 L 4 371 1
9 D 544 350 1
9 D 56 350 1
9 D 634 371 1
9 L 4 377 1
9 L 4 378 1
9 D 791 377 1
9 D 1192 378 1
9 L 4 390 1
9 L 4 394 1
9 D 766 390 1
9 D 956 394 1
9 L 4 394 1
9 L 4 396 1
9 D 47 394 1
9 D 734 396 1
10 L 0 15 2
10 L 0 63 1
10 D 624 15 1
10 D 517 15 1
10 D 986 63 1
10 L 5 2 2
10 L 5 23 1
10 L 5 184 1
10 L 5 197 1
10 D 73 2 1
10 D 651 2 1
10 D 228 23 1
10 D 88 184 1
10 D 793 197 1
10 L 5 16 3
10 L 5 63 1
10 L 5 197 1
10 D 429 16 1
10 D 312 16 1
10 D 370 16 1
10 D 881 63 1
10 D 1212 197 1
10 L 3 15 1
10 L 3 16 1
10 L 3 21 1
10 L 3 299 1
10 D 17 15 1
10 D 873 16 1
10 D 15 21 1
10 D 725 299 1
10 L 3 18 2
10 D 169 18 1
10 D 833 18 1
10 L 3 18 2
10 D 851 18 1
10 D 695 18 1
10 L 3 18 2
10 D 769 18 1
10 D 962 18 1
10 L 3 18 2
10 D 705 18 1
10 D 1016 18 1
10 L 9 12 1
10 L 9 16 1
10 L 9 63 1
10 L 9 342 1
10 D 70 12 1
10 D 197 16 1
10 D 360 63 1
10 D 139 342 1
10 L 4 64 1
10 L 4 78 2
10 D 22 64 1
10 D 591 78 1
10 D 1039 78 1
10 L 4 78 4
10 L 4 162 1
10 D 65 78 1
10 D 970 78 1
10 D 1244 78 1
10 D 700 78 1
10 D 1155 162 1
10 L 3 32 1
10 L 3 37 1
10 L 3 45 1
10 D 838 32 1
10 D 3 37 1
10 D 315 45 1
10 L 0 73 3
10 D 52 73 1
10 D 884 73 1
10 D 405 73 1
10 L 9 14 2
10 D 264 14 1
10 D 59 14 1
10 L 4 85 1
10 L 4 86 1
10 L 4 138 1
10 D 797 85 1
10 D 74 86 1
10 D 966 138 1
10 L 4 86 3
10 L 4 138 1
10 D 1165 86 1
10 D 61 86 1
10 D 895 86 1
10 D 720 138 1
10 L 9 14 2
10 D 698 14 1
10 D 890 14 1
10 L 0 96 4
10 L 0 122 1
10 D 122 96 1
10 D 723 96 1
10 D 530 96 1
10 D 348 96 1
10 D 800 122 1
10 L 0 99 1
10 L 0 103 1
10 D 133 99 1
10 D 510 103 1
10 L 3 94 5
10 L 3 109 1
10 D 448 94 1
10 D 189 94 1
10 D 441 94 1
10 D 457 94 1
10 D 301 94 1
10 D 873 109 1
10 L 3 99 1
10 L 3 104 1
10 D 508 99 1
10 D 456 104 1
10 L 3 99 1
10 L 3 104 1
10 D 725 99 1
10 D 1155 104 1
10 L 3 99 1
10 L 3 104 1
10 D 1060 99 1
10 D 498 104 1
10 L 3 99 1
10 L 3 104 1
10 D 281 99 1
10 D 808 104 1
10 L 3 100 1
10 L 3 106 1
10 D 633 100 1
10 D 965 106 1
10 L 3 110 1
10 L 3 114 2
10 D 436 110 1
10 D 1215 114 1
10 D 792 114 1
10 L 3 121 3
10 D 628 121 1
10 D 1004 121 1
10 D 241 121 1
10 L 5 57 1
10 L 5 71 2
10 D 637 57 1
10 D 879 71 1
10 D 103 71 1
10 L 4 151 1
10 L 4 154 1
10 D 1168 151 1
10 D 1103 154 1
10 L 4 154 2
10 D 990 154 1
10 D 879 154 1
10 L 4 155 1
10 L 4 163 1
10 L 4 172 1
10 D 321 155 1
10 D 849 163 1
10 D 233 172 1
10 L 4 155 1
10 L 4 180 1
10 D 650 155 1
10 D 1079 180 1
10 L 4 167 1
10 L 4 185 1
10 L 4 216 1
10 D 263 167 1
10 D 803 185 1
10 D 849 216 1
10 L 4 185 3
10 D 491 185 1
10 D 423 185 1
10 D 1054 185 1
10 L 1 28 6
10 D 1177 28 1
10 D 667 28 1
10 D 695 28 1
10 D 81 28 1
10 D 184 28 1
10 D 1006 28 1
10 L 3 136 2
10 L 3 153 1
10 D 542 136 1
10 D 853 136 1
10 D 969 153 1
10 L 7 75 1
10 L 7 76 1
10 D 370 75 1
10 D 1055 76 1
10 L 2 30 1
10 L 2 56 1
10 D 676 30 1
10 D 769 56 1
10 L 4 239 1
10 L 4 243 1
10 L 4 278 1
10 D 585 239 1
10 D 458 243 1
10 D 592 278 1
10 L 3 153 4
10 L 3 278 1
10 D 496 153 1
10 D 526 153 1
10 D 434 153 1
10 D 52 153 1
10 D 977 278 1
10 L 5 83 3
10 L 5 95 1
10 L 5 109 1
10 D 216 83 1
10 D 1095 83 1
10 D 694 83 1
10 D 653 95 1
10 D 788 109 1
10 L 2 30 1
10 L 2 83 1
10 L 2 138 1
10 D 447 30 1
10 D 875 83 1
10 D 1137 138 1
10 L 2 30 1
10 L 2 83 1
10 L 2 138 1
10 D 985 30 1
10 D 92 83 1
10 D 351 138 1
10 L 7 93 1
10 L 7 97 1
10 L 7 105 1
10 D 1051 93 1
10 D 250 97 1
10 D 575 105 1
10 L 3 224 2
10 D 190 224 1
10 D 392 224 1
10 L 5 101 1
10 L 5 111 1
10 L 5 114 1
10 D 467 101 1
10 D 400 111 1
10 D 512 114 1
10 L 2 32 2
10 D 847 32 1
10 D 213 32 1
10 L 6 104 1
10 L 6 106 2
10 L 6 117 1
10 D 310 104 1
10 D 191 106 1
10 D 470 106 1
10 D 1170 117 1
10 L 9 100 1
10 L 9 106 1
10 D 1160 100 1
10 D 582 106 1
10 L 9 100 1
10 L 9 106 1
10 D 995 100 1
10 D 1183 106 1
10 L 9 100 1
10 L 9 106 1
10 D 1113 100 1
10 D 1197 106 1
10 L 9 106 2
10 L 9 111 1
10 L 9 128 1
10 D 695 106 1
10 D 189 106 1
10 D 1089 111 1
10 D 160 128 1
10 L 0 157 2
10 D 143 157 1
10 D 352 157 1
11 L 0 16 3
11 L 0 63 1
11 D 246 16 1
11 D 8 16 1
11 D 350 16 1
11 D 462 63 1
11 L 0 35 3
11 L 0 37 1
11 L 0 252 1
11 D 986 35 1
11 D 106 35 1
11 D 540 35 1
11 D 61 37 1
11 D 633 252 1
11 L 3 10 2
11 L 3 50 1
11 L 3 342 1
11 D 1115 10 1
11 D 154 10 1
11 D 94 50 1
11 D 1018 342 1
11 L 3 15 2
11 L 3 63 1
11 D 20 15 1
11 D 738 15 1
11 D 450 63 1
11 L 3 16 3
11 L 3 63 1
11 D 1162 16 1
11 D 265 16 1
11 D 531 16 1
11 D 592 63 1
11 L 3 18 2
11 D 215 18 1
11 D 777 18 1
11 L 0 64 1
11 L 0 72 1
11 L 0 81 1
11 D 219 64 1
11 D 166 72 1
11 D 693 81 1
11 L 5 40 1
11 L 5 45 3
11 L 5 52 1
11 L 5 184 4
11 D 270 40 1
11 D 1189 45 1
11 D 105 45 1
11 D 128 45 1
11 D 1048 52 1
11 D 1202 184 1
11 D 1094 184 1
11 D 722 184 1
11 D 985 184 1
11 L 0 73 3
11 D 143 73 1
11 D 997 73 1
11 D 368 73 1
11 L 3 27 2
11 L 3 42 1
11 D 596 27 1
11 D 545 27 1
11 D 509 42 1
11 L 6 43 1
11 L 6 53 2
11 D 50 43 1
11 D 101 53 1
11 D 587 53 1
11 L 4 82 1
11 L 4 83 2
11 L 4 126 1
11 D 253 82 1
11 D 1109 83 1
11 D 948 83 1
11 D 1076 126 1
11 L 4 85 1
11 L 4 86 1
11 L 4 126 1
11 D 344 85 1
11 D 703 86 1
11 D 301 126 1
11 L 4 86 3
11 L 4 138 1
11 D 364 86 1
11 D 316 86 1
11 D 379 86 1
11 D 875 138 1
11 L 4 91 1
11 L 4 95 1
11 L 4 162 1
11 D 958 91 1
11 D 159 95 1
11 D 527 162 1
11 L 0 92 3
11 L 0 96 1
11 D 161 92 1
11 D 261 92 1
11 D 539 92 1
11 D 656 96 1
11 L 0 99 1
11 L 0 103 1
11 D 350 99 1
11 D 57 103 1
11 L 6 51 2
11 L 6 79 1
11 D 40 51 1
11 D 118 51 1
11 D 633 79 1
11 L 3 100 1
11 L 3 111 1
11 D 403 100 1
11 D 1004 111 1
11 L 5 57 1
11 L 5 71 2
11 D 981 57 1
11 D 495 71 1
11 D 420 71 1
11 L 3 121 3
11 D 231 121 1
11 D 302 121 1
11 D 99 121 1
11 L 4 144 2
11 L 4 146 1
11 L 4 203 1
11 D 264 144 1
11 D 336 144 1
11 D 96 146 1
11 D 810 203 1
11 L 4 150 1
11 L 4 163 2
11 D 642 150 1
11 D 33 163 1
11 D 734 163 1
11 L 4 154 2
11 D 590 154 1
11 D 447 154 1
11 L 4 155 1
11 L 4 172 1
11 L 4 189 1
11 D 259 155 1
11 D 132 172 1
11 D 899 189 1
11 L 4 164 2
11 D 563 164 1
11 D 949 164 1
11 L 4 167 1
11 L 4 185 1
11 L 4 215 1
11 D 382 167 1
11 D 495 185 1
11 D 6 215 1
11 L 4 178 1
11 L 4 185 1
11 D 134 178 1
11 D 659 185 1
11 L 7 32 1
11 L 7 68 4
11 D 441 32 1
11 D 298 68 1
11 D 603 68 1
11 D 645 68 1
11 D 1005 68 1
11 L 3 135 2
11 D 368 135 1
11 D 87 135 1
11 L 4 214 2
11 L 4 278 1
11 D 810 214 1
11 D 600 214 1
11 D 60 278 1
11 L 4 219 3
11 L 4 268 1
11 D 58 219 1
11 D 842 219 1
11 D 397 219 1
11 D 264 268 1
11 L 4 223 2
11 L 4 245 1
11 D 658 223 1
11 D 614 223 1
11 D 1230 245 1
11 L 4 237 1
11 L 4 239 1
11 L 4 241 1
11 D 1045 237 1
11 D 1136 239 1
11 D 233 241 1
11 L 4 242 1
11 L 4 243 1
11 L 4 283 1
11 L 4 300 1
11 D 447 242 1
11 D 156 243 1
11 D 134 283 1
11 D 958 300 1
11 L 4 262 2
11 L 4 287 1
11 D 966 262 1
11 D 560 262 1
11 D 159 287 1
11 L 4 262 2
11 L 4 287 1
11 D 1186 262 1
11 D 59 262 1
11 D 990 287 1
11 L 4 273 1
11 L 4 280 1
11 L 4 360 1
11 D 814 273 1
11 D 415 280 1
11 D 432 360 1
11 L 4 273 1
11 L 4 287 1
11 L 4 352 1
11 D 75 273 1
11 D 41 287 1
11 D 583 352 1
11 L 4 290 4
11 L 4 352 1
11 D 626 290 1
11 D 1239 290 1
11 D 407 290 1
11 D 349 290 1
11 D 1081 352 1
11 L 4 306 2
11 L 4 352 2
11 D 763 306 1
11 D 462 306 1
11 D 151 352 1
11 D 53 352 1
11 L 5 99 1
11 L 5 104 1
11 D 1111 99 1
11 D 79 104 1
11 L 4 361 2
11 D 416 361 1
11 D 514 361 1
11 L 9 99 1
11 L 9 104 1
11 D 1020 99 1
11 D 1234 104 1
11 L 9 99 1
11 L 9 104 1
11 D 1170 99 1
11 D 202 104 1
12 L 0 16 3
12 L 0 252 1
12 D 181 16 1
12 D 231 16 1
12 D 1122 16 1
12 D 246 252 1
12 L 0 35 5
12 L 0 47 1
12 D 800 35 1
12 D 1078 35 1
12 D 345 35 1
12 D 584 35 1
12 D 293 35 1
12 D 88 47 1
12 L 5 15 1
12 L 5 16 1
12 L 5 21 1
12 L 5 184 2
12 D 552 15 1
12 D 1210 16 1
12 D 249 21 1
12 D 793 184 1
12 D 620 184 1
12 L 0 57 1
12 L 0 72 1
12 L 0 109 1
12 D 1094 57 1
12 D 1141 72 1
12 D 19 109 1
12 L 4 10 2
12 L 4 50 1
12 L 4 342 1
12 D 1205 10 1
12 D 704 10 1
12 D 671 50 1
12 D 906 342 1
12 L 4 32 2
12 D 406 32 1
12 D 1171 32 1
12 L 4 36 1
12 L 4 40 1
12 L 4 45 1
12 D 711 36 1
12 D 734 40 1
12 D 1073 45 1
12 L 3 20 2
12 L 3 26 1
12 D 195 20 1
12 D 367 20 1
12 D 812 26 1
12 L 3 24 2
12 L 3 26 1
12 L 3 63 1
12 D 981 24 1
12 D 271 24 1
12 D 667 26 1
12 D 603 63 1
12 L 3 27 2
12 L 3 35 1
12 L 3 63 1
12 D 1218 27 1
12 D 1139 27 1
12 D 769 35 1
12 D 148 63 1
12 L 5 43 1
12 L 5 52 1
12 L 5 184 4
12 D 1084 43 1
12 D 960 52 1
12 D 544 184 1
12 D 265 184 1
12 D 68 184 1
12 D 170 184 1
12 L 9 12 1
12 L 9 29 2
12 L 9 259 1
12 D 499 12 1
12 D 33 29 1
12 D 1120 29 1
12 D 689 259 1
12 L 6 43 1
12 L 6 53 2
12 D 1197 43 1
12 D 23 53 1
12 D 1161 53 1
12 L 3 75 1
12 L 3 80 2
12 L 3 299 2
12 D 633 75 1
12 D 487 80 1
12 D 242 80 1
12 D 1075 299 1
12 D 39 299 1
12 L 3 75 1
12 L 3 80 2
12 L 3 299 2
12 D 506 75 1
12 D 1138 80 1
12 D 502 80 1
12 D 1230 299 1
12 D 331 299 1
12 L 4 110 1
12 L 4 120 1
12 L 4 162 1
12 D 449 110 1
12 D 797 120 1
12 D 1216 162 1
12 L 6 51 2
12 L 6 79 1
12 L 6 299 1
12 D 233 51 1
12 D 1120 51 1
12 D 182 79 1
12 D 0 299 1
12 L 9 57 1
12 L 9 58 2
12 D 1143 57 1
12 D 1061 58 1
12 D 362 58 1
12 L 4 136 2
12 L 4 139 1
12 D 809 136 1
12 D 1109 136 1
12 D 1012 139 1
12 L 3 121 3
12 D 284 121 1
12 D 710 121 1
12 D 252 121 1
12 L 9 58 2
12 L 9 60 1
12 L 9 115 1
12 D 1187 58 1
12 D 777 58 1
12 D 405 60 1
12 D 534 115 1
12 L 8 22 5
12 L 8 41 1
12 L 8 67 1
12 D 782 22 1
12 D 164 22 1
12 D 717 22 1
12 D 601 22 1
12 D 1167 22 1
12 D 1137 41 1
12 D 710 67 1
12 L 8 32 2
12 D 1135 32 1
12 D 119 32 1
12 L 4 273 1
12 L 4 280 1
12 L 4 360 1
12 D 467 273 1
12 D 561 280 1
12 D 708 360 1
12 L 4 273 1
12 L 4 287 1
12 L 4 313 1
12 D 446 273 1
12 D 805 287 1
12 D 432 313 1
12 L 4 273 1
12 L 4 290 1
12 L 4 352 1
12 D 828 273 1
12 D 307 290 1
12 D 681 352 1
12 L 4 322 1
12 L 4 327 1
12 D 809 322 1
12 D 1036 327 1
12 L 3 175 1
12 L 3 189 1
12 L 3 283 1
12 D 969 175 1
12 D 649 189 1
12 D 1024 283 1
12 L 3 177 1
12 L 3 192 1
12 L 3 328 1
12 D 151 177 1
12 D 1195 192 1
12 D 131 328 1
12 L 3 186 2
12 L 3 216 1
12 D 811 186 1
12 D 20 186 1
12 D 668 216 1
12 L 3 194 1
12 L 3 199 1
12 D 418 194 1
12 D 649 199 1
12 L 7 93 1
12 L 7 97 1
12 L 7 105 1
12 D 327 93 1
12 D 723 97 1
12 D 1125 105 1
12 L 3 221 1
12 L 3 223 1
12 L 3 227 1
12 D 142 221 1
12 D 14 223 1
12 D 548 227 1
12 L 5 110 1
12 L 5 111 1
12 D 465 110 1
12 D 427 111 1
12 L 7 97 3
12 L 7 122 1
12 D 1023 97 1
12 D 346 97 1
12 D 441 97 1
12 D 624 122 1
12 L 0 151 2
12 D 475 151 1
12 D 536 151 1
12 L 0 151 1
12 L 0 154 1
12 D 883 151 1
12 D 475 154 1
12 L 0 157 2
12 L 0 230 1
12 D 549 157 1
12 D 763 157 1
12 D 399 230 1
12 L 0 157 2
12 L 0 328 1
12 D 142 157 1
12 D 1101 157 1
12 D 251 328 1
12 L 0 157 2
12 D 969 157 1
12 D 1043 157 1
12 L 3 225 1
12 L 3 228 1
12 D 417 225 1
12 D 804 228 1
12 L 3 225 1
12 L 3 228 1
12 D 1052 225 1
12 D 169 228 1
12 L 3 228 2
12 L 3 300 1
12 D 281 228 1
12 D 997 228 1
12 D 577 300 1
12 L 3 228 2
12 L 3 304 1
12 D 565 228 1
12 D 752 228 1
12 D 348 304 1
12 L 5 113 3
12 L 5 300 1
12 D 262 113 1
12 D 691 113 1
12 D 643 113 1
12 D 860 300 1
12 L 0 157 2
12 D 687 157 1
12 D 1141 157 1
13 L 0 16 3
13 L 0 252 1
13 D 431 16 1
13 D 624 16 1
13 D 517 16 1
13 D 1131 252 1
13 L 0 38 1
13 L 0 40 1
13 L 0 115 1
13 D 661 38 1
13 D 865 40 1
13 D 654 115 1
13 L 0 46 2
13 L 0 259 1
13 D 160 46 1
13 D 1124 46 1
13 D 952 259 1
13 L 5 26 5
13 D 592 26 1
13 D 102 26 1
13 D 866 26 1
13 D 1134 26 1
13 D 307 26 1
13 L 4 3 1
13 L 4 4 1
13 L 4 8 1
13 L 4 342 1
13 D 97 3 1
13 D 937 4 1
13 D 159 8 1
13 D 58 342 1
13 L 4 11 4
13 L 4 63 1
13 D 863 11 1
13 D 1171 11 1
13 D 593 11 1
13 D 779 11 1
13 D 576 63 1
13 L 4 24 1
13 L 4 26 3
13 L 4 299 1
13 D 97 24 1
13 D 1008 26 1
13 D 146 26 1
13 D 481 26 1
13 D 798 299 1
13 L 4 38 1
13 L 4 59 1
13 L 4 112 1
13 D 1044 38 1
13 D 235 59 1
13 D 848 112 1
13 L 4 48 1
13 L 4 74 1
13 L 4 112 1
13 D 848 48 1
13 D 765 74 1
13 D 741 112 1
13 L 4 57 1
13 L 4 59 1
13 L 4 162 1
13 D 397 57 1
13 D 1030 59 1
13 D 902 162 1
13 L 4 75 1
13 L 4 78 1
13 L 4 162 1
13 D 978 75 1
13 D 720 78 1
13 D 111 162 1
13 L 6 36 1
13 L 6 37 1
13 L 6 112 1
13 D 61 36 1
13 D 138 37 1
13 D 201 112 1
13 L 6 43 1
13 L 6 53 2
13 D 1247 43 1
13 D 199 53 1
13 D 1073 53 1
13 L 3 57 1
13 L 3 74 2
13 L 3 264 1
13 D 219 57 1
13 D 824 74 1
13 D 534 74 1
13 D 794 264 1
13 L 6 48 1
13 L 6 53 2
13 D 1245 48 1
13 D 274 53 1
13 D 428 53 1
13 L 3 81 3
13 L 3 83 2
13 D 542 81 1
13 D 973 81 1
13 D 426 81 1
13 D 795 83 1
13 D 94 83 1
13 L 3 85 1
13 L 3 94 2
13 D 1038 85 1
13 D 642 94 1
13 D 576 94 1
13 L 4 127 1
13 L 4 129 1
13 L 4 162 1
13 D 607 127 1
13 D 1046 129 1
13 D 482 162 1
13 L 2 30 1
13 L 2 56 1
13 D 911 30 1
13 D 833 56 1
13 L 3 99 1
13 L 3 104 1
13 D 812 99 1
13 D 450 104 1
13 L 3 100 1
13 L 3 111 1
13 D 151 100 1
13 D 14 111 1
13 L 3 110 1
13 L 3 111 1
13 D 919 110 1
13 D 1069 111 1
13 L 3 119 2
13 L 3 120 1
13 D 81 119 1
13 D 1026 119 1
13 D 210 120 1
13 L 3 121 3
13 D 145 121 1
13 D 132 121 1
13 D 585 121 1
13 L 4 136 2
13 L 4 139 1
13 D 164 136 1
13 D 1180 136 1
13 D 1212 139 1
13 L 3 121 3
13 D 314 121 1
13 D 35 121 1
13 D 1102 121 1
13 L 6 64 1
13 L 6 76 1
13 L 6 81 1
13 D 1070 64 1
13 D 532 76 1
13 D 388 81 1
13 L 9 60 1
13 L 9 61 1
13 L 9 126 1
13 D 107 60 1
13 D 16 61 1
13 D 24 126 1
13 L 9 61 1
13 L 9 64 1
13 D 570 61 1
13 D 395 64 1
13 L 9 69 2
13 L 9 128 1
13 D 446 69 1
13 D 606 69 1
13 D 1125 128 1
13 L 3 127 1
13 L 3 149 2
13 D 522 127 1
13 D 1175 149 1
13 D 495 149 1
13 L 3 133 2
13 L 3 153 1
13 D 450 133 1
13 D 1158 133 1
13 D 456 153 1
13 L 3 133 2
13 L 3 153 1
13 D 1210 133 1
13 D 402 133 1
13 D 386 153 1
13 L 5 71 2
13 L 5 76 2
13 D 967 71 1
13 D 1197 71 1
13 D 680 76 1
13 D 324 76 1
13 L 3 146 1
13 L 3 150 1
13 D 106 146 1
13 D 1158 150 1
13 L 3 150 1
13 L 3 153 2
13 D 867 150 1
13 D 1026 153 1
13 D 326 153 1
13 L 3 151 1
13 L 3 153 2
13 D 961 151 1
13 D 414 153 1
13 D 1005 153 1
13 L 3 153 4
13 L 3 278 1
13 D 457 153 1
13 D 985 153 1
13 D 1104 153 1
13 D 412 153 1
13 D 1024 278 1
13 L 3 159 6
13 D 475 159 1
13 D 431 159 1
13 D 624 159 1
13 D 216 159 1
13 D 907 159 1
13 D 821 159 1
13 L 4 285 2
13 L 4 290 1
13 D 91 285 1
13 D 992 285 1
13 D 3 290 1
13 L 4 306 2
13 L 4 314 1
13 D 814 306 1
13 D 165 306 1
13 D 33 314 1
13 L 4 306 2
13 L 4 352 2
13 D 37 306 1
13 D 659 306 1
13 D 885 352 1
13 D 279 352 1
13 L 6 90 2
13 L 6 126 1
13 D 1094 90 1
13 D 565 90 1
13 D 1041 126 1
13 L 4 394 3
13 D 854 394 1
13 D 105 394 1
13 D 1010 394 1
13 L 3 206 2
13 L 3 218 1
13 D 71 206 1
13 D 100 206 1
13 D 613 218 1
13 L 3 224 2
13 D 978 224 1
13 D 704 224 1
13 L 6 95 1
13 L 6 99 1
13 D 503 95 1
13 D 859 99 1
13 L 6 100 1
13 L 6 104 1
13 L 6 149 1
13 D 36 100 1
14 L 0 16 2
14 L 0 33 2
14 D 1131 16 1
14 D 342 16 1
14 D 83 33 1
14 D 1244 33 1
14 L 6 0 1
14 L 6 2 1
14 L 6 8 1
14 L 6 62 1
14 L 6 197 2
14 D 777 0 1
14 D 640 2 1
14 D 35 8 1
14 D 910 62 1
15 L 0 17 4
15 L 0 342 1
15 D 189 17 1
15 D 675 17 1
15 D 1072 17 1
15 D 1032 17 1
15 D 492 342 1
15 L 5 15 2
15 L 5 50 1
15 L 5 184 1
15 D 723 15 1
15 D 37 15 1
15 D 389 50 1
15 D 931 184 1
15 L 5 23 6
15 L 5 26 1
15 L 5 184 2
15 D 290 23 1
15 D 565 23 1
15 D 483 23 1
15 D 262 23 1
15 D 1120 23 1
15 D 1002 23 1
15 D 886 26 1
15 D 1108 184 1
15 D 450 184 1
15 L 3 18 2
15 D 293 18 1
15 D 313 18 1
15 L 5 37 1
15 L 5 38 1
15 L 5 184 3
15 D 129 37 1
15 D 112 38 1
15 D 223 184 1
15 D 229 184 1
15 D 553 184 1
15 L 0 64 1
15 L 0 72 1
15 L 0 81 1
15 D 723 64 1
15 D 947 72 1
15 D 1187 81 1
15 L 5 43 1
15 L 5 52 1
15 L 5 184 4
15 D 1012 43 1
15 D 668 52 1
15 D 221 184 1
15 D 826 184 1
15 D 962 184 1
15 D 230 184 1
15 L 4 64 1
15 L 4 76 1
15 L 4 77 1
15 L 4 162 1
15 D 233 64 1
15 D 958 76 1
15 D 344 77 1
15 D 862 162 1
15 L 5 43 1
15 L 5 52 1
15 L 5 184 4
15 D 549 43 1
15 D 991 52 1
15 D 509 184 1
15 D 1185 184 1
15 D 574 184 1
15 D 719 184 1
15 L 6 38 1
15 L 6 40 1
15 L 6 112 1
15 D 1167 38 1
15 D 206 40 1
15 D 582 112 1
15 L 9 14 2
15 D 958 14 1
15 D 998 14 1
15 L 4 82 1
15 L 4 83 1
15 L 4 86 1
15 D 628 82 1
15 D 385 83 1
15 D 901 86 1
15 L 4 85 1
15 L 4 86 1
15 L 4 138 1
15 D 963 85 1
15 D 59 86 1
15 D 1008 138 1
15 L 4 86 3
15 L 4 149 1
15 L 4 299 1
15 D 520 86 1
15 D 304 86 1
15 D 782 86 1
15 D 1199 149 1
15 D 1132 299 1
15 L 4 86 3
15 L 4 149 1
15 D 1013 86 1
15 D 155 86 1
15 D 383 86 1
15 D 658 149 1
15 L 4 100 1
15 L 4 111 1
15 D 449 100 1
15 D 500 111 1
15 L 4 110 1
15 L 4 119 1
15 D 422 110 1
15 D 1040 119 1
15 L 4 120 3
15 L 4 122 1
15 D 658 120 1
15 D 388 120 1
15 D 721 120 1
15 D 382 122 1
15 L 4 127 1
15 L 4 129 1
15 L 4 252 1
15 D 12 127 1
15 D 1045 129 1
15 D 321 252 1
15 L 4 127 1
15 L 4 139 1
15 L 4 252 1
15 D 741 127 1
15 D 39 139 1
15 D 1138 252 1
15 L 0 99 1
15 L 0 103 1
15 D 615 99 1
15 D 897 103 1
15 L 6 64 1
15 L 6 76 1
15 L 6 81 1
15 D 376 64 1
15 D 99 76 1
15 D 1111 81 1
15 L 4 146 1
15 L 4 150 1
15 D 63 146 1
15 D 958 150 1
15 L 4 154 2
15 D 449 154 1
15 D 949 154 1
15 L 4 155 1
15 L 4 169 1
15 L 4 203 1
15 D 643 155 1
15 D 909 169 1
15 D 74 203 1
15 L 4 164 2
15 D 791 164 1
15 D 711 164 1
15 L 4 167 1
15 L 4 185 1
15 L 4 216 1
15 D 135 167 1
15 D 80 185 1
15 D 585 216 1
15 L 4 175 1
15 L 4 185 1
15 D 500 175 1
15 D 665 185 1
15 L 5 71 5
15 D 562 71 1
15 D 747 71 1
15 D 785 71 1
15 D 1081 71 1
15 D 957 71 1
15 L 4 204 2
15 L 4 208 1
15 D 827 204 1
15 D 500 204 1
15 D 382 208 1
15 L 4 210 3
15 L 4 216 1
15 D 791 210 1
15 D 78 210 1
15 D 480 210 1
15 D 397 216 1
15 L 4 221 2
15 L 4 226 1
15 D 1075 221 1
15 D 592 221 1
15 D 539 226 1
15 L 4 236 2
15 L 4 237 1
15 L 4 255 1
15 D 1076 236 1
15 D 41 236 1
15 D 899 237 1
15 D 1125 255 1
15 L 3 153 4
15 L 3 278 1
15 D 933 153 1
15 D 317 153 1
15 D 431 153 1
15 D 494 153 1
15 D 324 278 1
15 L 3 159 6
15 D 849 159 1
15 D 590 159 1
15 D 96 159 1
15 D 22 159 1
15 D 875 159 1
15 D 172 159 1
15 L 6 90 2
15 L 6 126 1
15 D 1068 90 1
15 D 185 90 1
15 D 146 126 1
15 L 4 306 2
15 L 4 314 1
15 D 1133 306 1
15 D 184 306 1
15 D 791 314 1
15 L 4 323 1
15 L 4 340 1
15 D 583 323 1
15 D 1196 340 1
15 L 4 347 2
15 D 33 347 1
15 D 857 347 1
15 L 4 348 2
15 L 4 359 1
15 D 810 348 1
15 D 416 348 1
15 D 736 359 1
15 L 4 350 2
15 L 4 371 1
15 D 60 350 1
15 D 96 350 1
15 D 797 371 1
15 L 4 377 1
15 L 4 378 1
15 D 410 377 1
15 D 1045 378 1
15 L 4 383 1
15 L 4 385 1
15 L 4 394 1
15 D 583 383 1
15 D 1109 385 1
15 D 809 394 1
15 L 4 393 1
15 L 4 394 1
15 D 362 393 1
15 D 875 394 1
15 L 4 398 3
15 D 264 398 1
15 D 344 398 1
15 D 993 398 1
16 L 0 17 1
16 L 0 32 1
16 L 0 34 1
16 L 0 299 1
16 D 386 17 1
16 D 926 32 1
16 D 498 34 1
16 D 419 299 1
16 L 2 2 1
16 L 2 3 1
16 L 2 50 1
16 D 1168 2 1
16 D 542 3 1
16 D 714 50 1
16 L 2 3 1
16 L 2 7 1
16 L 2 50 2
16 D 106 3 1
16 D 541 7 1
16 D 626 50 1
16 D 43 50 1
16 L 0 64 1
16 L 0 73 1
16 L 0 109 1
16 D 587 64 1
16 D 922 73 1
16 D 454 109 1
16 L 7 15 2
16 L 7 63 1
16 D 96 15 1
16 D 976 15 1
16 D 195 63 1
16 L 7 15 1
16 L 7 19 1
16 L 7 145 1
16 D 884 15 1
16 D 117 19 1
16 D 1108 145 1
16 L 3 27 2
16 L 3 35 1
16 L 3 259 1
16 D 1159 27 1
16 D 209 27 1
16 D 230 35 1
16 D 522 259 1
16 L 3 46 2
16 L 3 264 1
16 D 508 46 1
16 D 1043 46 1
16 D 492 264 1
16 L 5 46 2
16 L 5 184 2
16 L 5 299 1
16 D 315 46 1
16 D 985 46 1
16 D 225 184 1
16 D 947 184 1
16 D 403 299 1
16 L 3 64 1
16 L 3 76 1
16 L 3 80 1
16 L 3 112 1
16 D 1188 64 1
16 D 7 76 1
16 D 977 80 1
16 D 351 112 1
16 L 7 19 1
16 L 7 46 1
16 L 7 145 1
16 D 458 19 1
16 D 957 46 1
16 D 730 145 1
16 L 3 75 1
16 L 3 80 2
16 D 862 75 1
16 D 937 80 1
16 D 23 80 1
16 L 9 14 2
16 D 732 14 1
16 D 219 14 1
16 L 7 19 1
16 L 7 60 1
16 L 7 145 2
16 D 1127 19 1
16 D 1089 60 1
16 D 962 145 1
16 D 1237 145 1
16 L 9 57 1
16 L 9 58 2
16 D 526 57 1
16 D 758 58 1
16 D 1016 58 1
16 L 9 57 1
16 L 9 58 2
16 D 268 57 1
16 D 779 58 1
16 D 769 58 1
16 L 4 139 5
16 D 740 139 1
16 D 31 139 1
16 D 61 139 1
16 D 596 139 1
16 D 538 139 1
16 L 6 75 1
16 L 6 81 1
16 L 6 115 1
16 D 946 75 1
16 D 129 81 1
16 D 735 115 1
16 L 1 28 6
16 D 268 28 1
16 D 847 28 1
16 D 451 28 1
16 D 753 28 1
16 D 940 28 1
16 D 99 28 1
16 L 4 189 4
16 L 4 230 1
16 D 827 189 1
16 D 1168 189 1
16 D 817 189 1
16 D 626 189 1
16 D 519 230 1
16 L 3 132 2
16 D 823 132 1
16 D 996 132 1
16 L 3 133 2
16 L 3 153 1
16 D 1172 133 1
16 D 1212 133 1
16 D 1215 153 1
16 L 3 135 2
16 D 693 135 1
16 D 228 135 1
16 L 5 75 1
16 L 5 76 1
16 D 517 75 1
16 D 1125 76 1
16 L 3 136 2
16 L 3 153 1
16 D 1158 136 1
16 D 759 136 1
16 D 1195 153 1
16 L 3 141 2
16 L 3 153 1
16 D 632 141 1
16 D 267 141 1
16 D 1189 153 1
16 L 5 75 1
16 L 5 76 1
16 D 223 75 1
16 D 830 76 1
16 L 1 28 6
16 D 398 28 1
16 D 924 28 1
16 D 308 28 1
16 D 1027 28 1
16 D 494 28 1
16 D 1028 28 1
16 L 2 30 1
16 L 2 83 1
16 L 2 126 1
16 D 1177 30 1
16 D 1112 83 1
16 D 393 126 1
16 L 7 85 1
16 L 7 95 1
16 L 7 114 1
16 D 906 85 1
16 D 526 95 1
16 D 351 114 1
16 L 7 93 1
16 L 7 97 1
16 L 7 105 1
16 D 70 93 1
16 D 613 97 1
16 D 599 105 1
16 L 3 201 3
16 L 3 253 1
16 D 151 201 1
16 D 1012 201 1
16 D 983 201 1
16 D 1010 253 1
16 L 3 205 2
16 D 577 205 1
16 D 812 205 1
16 L 3 214 2
16 L 3 300 1
16 D 39 214 1
16 D 62 214 1
16 D 803 300 1
16 L 3 221 2
16 L 3 227 1
16 L 3 300 1
16 D 299 221 1
16 D 965 221 1
16 D 73 227 1
16 D 190 300 1
16 L 3 224 2
16 D 813 224 1
16 D 880 224 1
16 L 6 100 1
16 L 6 104 1
16 L 6 149 1
16 D 719 100 1
16 D 955 104 1
16 D 314 149 1
16 L 6 100 1
16 L 6 104 1
16 L 6 149 1
16 D 660 100 1
16 D 852 104 1
16 D 1104 149 1
16 L 6 107 1
16 L 6 111 1
16 D 279 107 1
16 D 227 111 1
16 L 6 107 1
16 L 6 111 1
16 D 569 107 1
16 D 975 111 1
16 L 6 107 1
16 L 6 111 1
16 D 113 107 1
16 D 1085 111 1
16 L 6 107 1
16 L 6 111 1
16 D 365 107 1
16 D 1068 111 1
16 L 9 101 1
16 L 9 106 1
16 L 9 114 1
16 D 291 101 1
16 D 580 106 1
16 D 702 114 1
16 L 9 110 1
16 L 9 116 1
16 D 1111 110 1
16 D 877 116 1
16 L 9 116 2
16 L 9 120 1
16 D 52 116 1
16 D 700 116 1
16 D 288 120 1
16 L 6 107 1
16 L 6 119 1
16 D 469 107 1
16 D 335 119 1
16 L 6 107 1
16 L 6 119 1
16 D 600 107 1
16 D 1106 119 1
16 L 9 116 2
16 L 9 120 1
16 D 544 116 1
16 D 438 116 1
16 D 225 120 1
16 L 6 107 1
16 L 6 119 1
16 D 817 107 1
16 D 1166 119 1
17 L 0 21 4
17 L 0 33 1
17 L 0 252 1
17 D 698 21 1
17 D 1243 21 1
17 D 463 21 1
17 D 930 21 1
17 D 841 33 1
17 D 308 252 1
17 L 0 57 1
17 L 0 60 1
17 D 1078 57 1
17 D 462 60 1
17 L 0 57 1
17 L 0 72 1
17 L 0 88 1
17 D 84 57 1
17 D 408 72 1
17 D 862 88 1
17 L 5 35 4
17 L 5 45 2
17 L 5 184 1
17 D 353 35 1
17 D 381 35 1
17 D 831 35 1
17 D 272 35 1
17 D 342 45 1
17 D 886 45 1
17 D 982 184 1
17 L 2 7 2
17 L 2 8 1
17 L 2 50 1
17 L 2 342 1
17 D 195 7 1
17 D 1194 7 1
17 D 284 8 1
17 D 211 50 1
17 D 488 342 1
17 L 2 7 2
17 L 2 26 1
17 L 2 63 1
17 D 1110 7 1
17 D 101 7 1
17 D 155 26 1
17 D 595 63 1
17 L 2 7 2
17 L 2 34 1
17 L 2 299 1
17 D 334 7 1
17 D 841 7 1
17 D 162 34 1
17 D 541 299 1
17 L 2 30 1
17 L 2 42 1
17 L 2 252 1
17 D 1240 30 1
17 D 107 42 1
17 D 1086 252 1
17 L 7 19 1
17 L 7 40 1
17 L 7 68 1
17 L 7 145 2
17 D 476 19 1
17 D 537 40 1
17 D 649 68 1
17 D 317 145 1
17 D 99 145 1
17 L 4 100 1
17 L 4 111 1
17 D 58 100 1
17 D 150 111 1
17 L 4 122 2
17 L 4 123 1
17 L 4 124 1
17 L 4 162 1
17 D 839 122 1
17 D 435 122 1
17 D 956 123 1
17 D 590 124 1
17 D 219 162 1
17 L 7 19 1
17 L 7 61 1
17 L 7 145 1
17 L 7 342 1
17 D 569 19 1
17 D 1113 61 1
17 D 201 145 1
17 D 533 342 1
17 L 4 136 2
17 L 4 139 1
17 D 296 136 1
17 D 998 136 1
17 D 1110 139 1
17 L 0 100 1
17 L 0 104 1
17 L 0 149 1
17 D 1200 100 1
17 D 1083 104 1
17 D 890 149 1
17 L 0 100 1
17 L 0 104 1
17 L 0 149 1
17 D 615 100 1
17 D 1178 104 1
17 D 489 149 1
17 L 0 100 1
17 L 0 106 1
17 L 0 329 1
17 D 216 100 1
17 D 424 106 1
17 D 1150 329 1
17 L 6 85 1
17 L 6 89 1
17 L 6 109 1
17 D 490 85 1
17 D 277 89 1
17 D 946 109 1
17 L 6 89 3
17 L 6 96 1
17 D 182 89 1
17 D 91 89 1
17 D 29 89 1
17 D 681 96 1
17 L 4 214 2
17 L 4 278 1
17 D 728 214 1
17 D 688 214 1
17 D 944 278 1
17 L 4 221 1
17 L 4 223 1
17 L 4 227 1
17 D 407 221 1
17 D 385 223 1
17 D 103 227 1
17 L 4 229 2
17 L 4 236 1
17 D 1062 229 1
17 D 114 229 1
17 D 1077 236 1
17 L 4 242 2
17 D 100 242 1
17 D 984 242 1
17 L 4 248 3
17 L 4 283 1
17 D 1076 248 1
17 D 307 248 1
17 D 874 248 1
17 D 531 283 1
17 L 4 270 2
17 D 749 270 1
17 D 1148 270 1
17 L 5 85 1
17 L 5 96 2
17 D 1172 85 1
17 D 1132 96 1
17 D 962 96 1
17 L 3 163 1
17 L 3 164 1
17 L 3 169 1
17 D 226 163 1
17 D 1101 164 1
17 D 633 169 1
17 L 3 164 2
17 D 403 164 1
17 D 463 164 1
17 L 5 99 1
17 L 5 104 1
17 D 408 99 1
17 D 62 104 1
17 L 3 175 1
17 L 3 189 1
17 L 3 283 1
17 D 633 175 1
17 D 14 189 1
17 D 1108 283 1
17 L 3 175 1
17 L 3 189 1
17 L 3 283 1
17 D 1218 175 1
17 D 471 189 1
17 D 304 283 1
17 L 3 175 1
17 L 3 192 1
17 D 236 175 1
17 D 226 192 1
17 L 7 93 1
17 L 7 97 1
17 L 7 105 1
17 D 593 93 1
17 D 595 97 1
17 D 333 105 1
17 L 3 201 1
17 L 3 202 1
17 L 3 218 1
17 D 680 201 1
17 D 844 202 1
17 D 795 218 1
17 L 3 205 2
17 D 7 205 1
17 D 659 205 1
17 L 7 97 3
17 L 7 114 1
17 D 1188 97 1
17 D 1003 97 1
17 D 265 97 1
17 D 941 114 1
17 L 2 30 1
17 L 2 84 1
17 L 2 149 1
17 D 277 30 1
17 D 198 84 1
17 D 637 149 1
17 L 2 49 1
17 L 2 84 2
17 D 1226 49 1
17 D 21 84 1
17 D 1002 84 1
17 L 9 100 1
17 L 9 106 1
17 D 282 100 1
17 D 516 106 1
18 L 0 26 5
18 D 8 26 1
18 D 147 26 1
18 D 528 26 1
18 D 903 26 1
18 D 986 26 1
18 L 5 1 1
18 L 5 2 1
18 L 5 4 1
18 L 5 47 1
18 L 5 62 2
18 D 604 1 1
18 D 106 2 1
18 D 563 4 1
18 D 151 47 1
18 D 936 62 1
18 D 226 62 1
18 L 7 10 2
18 L 7 50 1
18 L 7 145 1
18 D 1199 10 1
18 D 422 10 1
18 D 639 50 1
18 D 205 145 1
18 L 3 18 2
18 D 536 18 1
18 D 602 18 1
18 L 0 64 1
18 L 0 73 1
18 L 0 114 1
18 D 819 64 1
18 D 682 73 1
18 D 547 114 1
18 L 0 64 1
18 L 0 73 1
18 L 0 114 1
18 D 54 64 1
18 D 255 73 1
18 D 1023 114 1
18 L 0 64 1
18 L 0 73 1
18 L 0 114 1
18 D 1024 64 1
18 D 441 73 1
18 D 311 114 1
18 L 5 43 1
18 L 5 52 1
18 L 5 184 4
18 D 552 43 1
18 D 39 52 1
18 D 468 184 1
18 D 572 184 1
18 D 897 184 1
18 D 269 184 1
18 L 6 36 1
18 L 6 37 1
18 L 6 112 1
18 D 1045 36 1
18 D 797 37 1
18 D 503 112 1
18 L 6 38 1
18 L 6 40 1
18 L 6 115 1
18 D 686 38 1
18 D 504 40 1
18 D 1105 115 1
18 L 6 43 1
18 L 6 53 2
18 D 1061 43 1
18 D 33 53 1
18 D 58 53 1
18 L 4 82 1
18 L 4 86 1
18 L 4 88 1
18 L 4 162 1
18 D 23 82 1
18 D 605 86 1
18 D 839 88 1
18 D 1016 162 1
18 L 9 14 2
18 D 116 14 1
18 D 641 14 1
18 L 5 57 1
18 L 5 60 1
18 D 517 57 1
18 D 609 60 1
18 L 0 92 3
18 L 0 96 1
18 D 966 92 1
18 D 500 92 1
18 D 607 92 1
18 D 740 96 1
18 L 5 57 1
18 L 5 71 2
18 L 5 299 1
18 D 54 57 1
18 D 436 71 1
18 D 1189 71 1
18 D 531 299 1
18 L 4 127 1
18 L 4 129 1
18 L 4 252 1
18 D 930 127 1
18 D 703 129 1
18 D 905 252 1
18 L 9 32 1
18 L 9 42 1
18 L 9 52 1
18 L 9 259 1
18 D 261 32 1
18 D 735 42 1
18 D 357 52 1
18 D 1188 259 1
18 L 3 110 1
18 L 3 111 1
18 D 1218 110 1
18 D 62 111 1
18 L 3 119 1
18 L 3 120 1
18 L 3 121 1
18 D 39 119 1
18 D 974 120 1
18 D 1006 121 1
18 L 3 121 3
18 D 413 121 1
18 D 777 121 1
18 D 193 121 1
18 L 0 99 1
18 L 0 103 1
18 D 862 99 1
18 D 280 103 1
18 L 4 150 1
18 L 4 163 2
18 D 366 150 1
18 D 585 163 1
18 D 827 163 1
18 L 4 155 1
18 L 4 169 1
18 L 4 203 1
18 D 937 155 1
18 D 879 169 1
18 D 1079 203 1
18 L 4 164 2
18 D 458 164 1
18 D 103 164 1
18 L 4 167 1
18 L 4 185 1
18 L 4 203 1
18 D 432 167 1
18 D 611 185 1
18 D 1149 203 1
18 L 5 71 5
18 D 1109 71 1
18 D 905 71 1
18 D 217 71 1
18 D 200 71 1
18 D 758 71 1
18 L 9 69 2
18 L 9 128 1
18 D 1245 69 1
18 D 1198 69 1
18 D 626 128 1
18 L 4 194 1
18 L 4 201 1
18 L 4 283 1
18 D 444 194 1
18 D 1136 201 1
18 D 958 283 1
18 L 4 208 2
18 L 4 209 1
18 L 4 300 1
18 D 1125 208 1
18 D 540 208 1
18 D 810 209 1
18 D 1074 300 1
18 L 4 221 2
18 L 4 226 1
18 D 1132 221 1
18 D 653 221 1
18 D 301 226 1
18 L 4 225 1
18 L 4 226 1
18 L 4 278 1
18 D 590 225 1
18 D 104 226 1
18 D 871 278 1
18 L 4 242 2
18 D 135 242 1
18 D 1239 242 1
18 L 4 243 2
18 L 4 246 1
18 L 4 283 1
18 D 676 243 1
18 D 355 243 1
18 D 309 246 1
18 D 265 283 1
18 L 4 270 2
18 D 382 270 1
18 D 651 270 1
18 L 5 85 1
18 L 5 96 2
18 D 892 85 1
18 D 639 96 1
18 D 476 96 1
18 L 3 163 4
18 D 151 163 1
18 D 222 163 1
18 D 665 163 1
18 D 308 163 1
18 L 0 133 2
18 L 0 163 1
18 D 744 133 1
18 D 1041 133 1
18 D 28 163 1
18 L 0 136 2
18 L 0 163 1
18 D 1209 136 1
18 D 1110 136 1
18 D 219 163 1
18 L 7 93 1
18 L 7 97 1
18 L 7 105 1
18 D 498 93 1
18 D 853 97 1
18 D 54 105 1
18 L 7 93 1
18 L 7 97 1
18 L 7 105 1
18 D 281 93 1
18 D 137 97 1
18 D 157 105 1
18 L 2 30 1
18 L 2 84 1
18 L 2 137 1
18 D 111 30 1
18 D 1029 84 1
18 D 478 137 1
18 L 3 224 2
18 D 29 224 1
18 D 1010 224 1
18 L 3 224 2
18 D 449 224 1
18 D 1120 224 1
19 L 0 26 2
19 L 0 33 1
19 L 0 34 1
19 L 0 35 1
19 D 1210 26 1
19 D 1036 26 1
19 D 721 33 1
19 D 867 34 1
19 D 133 35 1
19 L 0 57 1
19 L 0 72 1
19 L 0 74 1
19 D 151 57 1
19 D 1075 72 1
19 D 343 74 1
19 L 0 61 2
19 L 0 115 1
19 D 251 61 1
19 D 682 61 1
19 D 272 115 1
19 L 3 17 2
19 L 3 18 1
19 L 3 342 1
19 D 369 17 1
19 D 994 17 1
19 D 477 18 1
19 D 124 342 1
19 L 5 38 1
19 L 5 40 1
19 L 5 112 1
19 L 5 184 1
19 D 642 38 1
19 D 250 40 1
19 D 1153 112 1
19 D 155 184 1
19 L 2 7 2
19 L 2 17 1
19 D 803 7 1
19 D 456 7 1
19 D 637 17 1
19 L 2 7 2
19 L 2 17 1
19 D 112 7 1
19 D 420 7 1
19 D 330 17 1
19 L 4 60 2
19 L 4 88 1
19 D 33 60 1
19 D 1142 60 1
19 D 753 88 1
19 L 4 61 1
19 L 4 64 1
19 D 849 61 1
19 D 901 64 1
19 L 4 64 1
19 L 4 76 1
19 L 4 77 1
19 L 4 162 1
19 D 590 64 1
19 D 451 76 1
19 D 100 77 1
19 D 1069 162 1
19 L 3 27 2
19 L 3 35 1
19 L 3 252 1
19 D 1149 27 1
19 D 399 27 1
19 D 370 35 1
19 D 1218 252 1
19 L 3 36 1
19 L 3 45 2
19 L 3 52 1
19 D 1162 36 1
19 D 1129 45 1
19 D 845 45 1
19 D 941 52 1
19 L 2 30 1
19 L 2 44 1
19 L 2 52 1
19 D 12 30 1
19 D 197 44 1
19 D 1013 52 1
19 L 2 30 1
19 L 2 52 1
19 L 2 88 1
19 D 498 30 1
19 D 155 52 1
19 D 1233 88 1
19 L 7 19 1
19 L 7 46 1
19 L 7 145 1
19 D 1056 19 1
19 D 717 46 1
19 D 97 145 1
19 L 4 100 1
19 L 4 114 2
19 L 4 259 1
19 D 207 100 1
19 D 576 114 1
19 D 770 114 1
19 D 863 259 1
19 L 4 127 1
19 L 4 129 1
19 L 4 252 1
19 D 63 127 1
19 D 879 129 1
19 D 779 252 1
19 L 4 127 1
19 L 4 139 1
19 L 4 252 1
19 D 995 127 1
19 D 307 139 1
19 D 1056 252 1
19 L 5 57 1
19 L 5 71 2
19 D 442 57 1
19 D 169 71 1
19 D 680 71 1
19 L 3 114 4
19 L 3 117 2
19 D 831 114 1
19 D 769 114 1
19 D 709 114 1
19 D 945 114 1
19 D 222 117 1
19 D 199 117 1
19 L 5 64 1
19 L 5 71 2
19 L 5 252 1
19 D 622 64 1
19 D 834 71 1
19 D 99 71 1
19 D 1094 252 1
19 L 0 100 1
19 L 0 111 1
19 D 1172 100 1
19 D 475 111 1
19 L 0 100 1
19 L 0 111 1
19 D 99 100 1
19 D 1056 111 1
19 L 5 71 5
19 D 172 71 1
19 D 1129 71 1
19 D 328 71 1
19 D 1050 71 1
19 D 395 71 1
19 L 9 69 2
19 L 9 128 1
19 D 552 69 1
19 D 339 69 1
19 D 1190 128 1
19 L 7 68 3
19 L 7 70 2
19 L 7 126 1
19 D 1236 68 1
19 D 1106 68 1
19 D 666 68 1
19 D 320 70 1
19 D 897 70 1
19 D 999 126 1
19 L 7 81 3
19 L 7 83 2
19 D 157 81 1
19 D 714 81 1
19 D 960 81 1
19 D 1202 83 1
19 D 767 83 1
19 L 7 83 1
19 L 7 85 1
19 L 7 96 1
19 D 482 83 1
19 D 483 85 1
19 D 176 96 1
19 L 2 30 1
19 L 2 83 1
19 L 2 138 1
19 D 233 30 1
19 D 597 83 1
19 D 214 138 1
19 L 2 30 1
19 L 2 83 1
19 L 2 138 1
19 D 139 30 1
19 D 908 83 1
19 D 1086 138 1
19 L 7 97 3
19 L 7 114 1
19 D 124 97 1
19 D 260 97 1
19 D 1235 97 1
19 D 482 114 1
19 L 2 30 1
19 L 2 84 1
19 L 2 149 1
19 D 340 30 1
19 D 784 84 1
19 D 358 149 1
19 L 7 97 3
19 L 7 138 1
19 D 532 97 1
19 D 1232 97 1
19 D 92 97 1
19 D 114 138 1
19 L 3 224 1
19 L 3 227 1
19 L 3 233 1
19 L 3 300 1
19 D 1030 224 1
19 D 105 227 1
19 D 300 233 1
19 D 10 300 1
19 L 3 228 2
19 L 3 304 1
19 D 246 228 1
19 D 536 228 1
19 D 427 304 1
19 L 7 97 3
19 L 7 138 1
19 D 597 97 1
19 D 1102 97 1
19 D 719 97 1
19 D 105 138 1
19 L 5 113 3
19 L 5 300 1
19 D 585 113 1
19 D 1206 113 1
19 D 264 113 1
19 D 793 300 1
19 L 5 113 3
19 L 5 300 1
19 D 3 113 1
19 D 544 113 1
19 D 558 113 1
19 D 338 300 1
19 L 7 97 2
19 L 7 98 1
19 L 7 149 1
19 D 1197 97 1
19 D 582 97 1
19 D 501 98 1
19 D 1068 149 1
19 L 9 116 2
19 L 9 122 1
19 L 9 138 1
19 D 288 116 1
19 D 932 116 1
19 D 170 122 1
19 D 200 138 1
19 L 9 116 2
19 L 9 122 1
19 L 9 138 1
19 D 364 116 1
19 D 1217 116 1
19 D 16 122 1
19 D 1068 138 1
19 L 9 116 2
19 L 9 122 1
19 L 9 138 1
19 D 874 116 1
19 D 36 116 1
19 D 720 122 1
19 D 125 138 1
19 L 9 116 2
19 L 9 122 1
19 L 9 138 1
19 D 623 116 1
19 D 240 116 1
19 D 253 122 1
19 D 1197 138 1
19 L 9 116 2
19 L 9 122 1
19 L 9 138 1
19 D 867 116 1
19 D 916 116 1
19 D 416 122 1
19 D 47 138 1
19 L 0 157 2
19 D 336 157 1
19 D 753 157 1
20 L 0 31 3
20 L 0 299 1
20 D 693 31 1
20 D 792 31 1
20 D 873 31 1
20 D 198 299 1
20 L 0 38 1
20 L 0 40 1
20 L 0 115 1
20 D 762 38 1
20 D 602 40 1
20 D 220 115 1
20 L 6 2 2
20 L 6 45 1
20 L 6 197 3
20 D 1198 2 1
20 D 907 2 1
20 D 1102 45 1
20 D 440 197 1
20 D 818 197 1
20 D 563 197 1
20 L 4 4 1
20 L 4 8 1
20 L 4 9 1
20 L 4 50 2
20 D 877 4 1
20 D 1032 8 1
20 D 1027 9 1
20 D 736 50 1
20 D 871 50 1
20 L 4 32 2
20 D 687 32 1
20 D 550 32 1
20 L 4 38 1
20 L 4 52 2
20 L 4 299 1
20 D 440 38 1
20 D 866 52 1
20 D 653 52 1
20 D 168 299 1
20 L 4 46 1
20 L 4 59 1
20 L 4 74 1
20 D 248 46 1
20 D 508 59 1
20 D 607 74 1
20 L 4 61 2
20 L 4 115 1
20 D 899 61 1
20 D 108 61 1
20 D 1009 115 1
20 L 4 64 1
20 L 4 77 1
20 L 4 78 1
20 L 4 126 1
20 D 185 64 1
20 D 643 77 1
20 D 605 78 1
20 D 935 126 1
20 L 4 78 4
20 L 4 162 1
20 D 1041 78 1
20 D 665 78 1
20 D 1189 78 1
20 D 462 78 1
20 D 873 162 1
20 L 3 32 2
20 D 304 32 1
20 D 281 32 1
20 L 3 38 1
20 L 3 60 1
20 D 234 38 1
20 D 151 60 1
20 L 5 46 2
20 L 5 184 4
20 D 535 46 1
20 D 86 46 1
20 D 1179 184 1
20 D 125 184 1
20 D 685 184 1
20 D 183 184 1
20 L 9 14 2
20 D 1218 14 1
20 D 450 14 1
20 L 3 64 1
20 L 3 80 4
20 L 3 264 1
20 D 974 64 1
20 D 1125 80 1
20 D 653 80 1
20 D 375 80 1
20 D 78 80 1
20 D 1183 264 1
20 L 9 14 2
20 D 665 14 1
20 D 452 14 1
20 L 0 92 1
20 L 0 95 2
20 L 0 96 1
20 D 914 92 1
20 D 83 95 1
20 D 102 95 1
20 D 429 96 1
20 L 7 19 1
20 L 7 60 1
20 L 7 145 2
20 D 654 19 1
20 D 138 60 1
20 D 621 145 1
20 D 1174 145 1
20 L 6 57 1
20 L 6 60 1
20 D 947 57 1
20 D 1216 60 1
20 L 6 57 1
20 L 6 60 1
20 D 746 57 1
20 D 884 60 1
20 L 9 58 4
20 L 9 109 1
20 D 608 58 1
20 D 991 58 1
20 D 387 58 1
20 D 237 58 1
20 D 1163 109 1
20 L 9 69 2
20 L 9 128 1
20 D 532 69 1
20 D 71 69 1
20 D 875 128 1
20 L 4 189 3
20 L 4 191 1
20 L 4 278 1
20 D 401 189 1
20 D 558 189 1
20 D 109 189 1
20 D 307 191 1
20 D 1157 278 1
20 L 4 194 1
20 L 4 199 1
20 D 33 194 1
20 D 585 199 1
20 L 4 194 1
20 L 4 201 1
20 L 4 283 1
20 D 375 194 1
20 D 422 201 1
20 D 1136 283 1
20 L 4 201 3
20 L 4 253 1
20 D 76 201 1
20 D 264 201 1
20 D 22 201 1
20 D 1230 253 1
20 L 4 205 2
20 D 976 205 1
20 D 337 205 1
20 L 4 219 3
20 L 4 253 1
20 D 135 219 1
20 D 915 219 1
20 D 455 219 1
20 D 909 253 1
20 L 4 225 1
20 L 4 226 1
20 L 4 278 1
20 D 56 225 1
20 D 504 226 1
20 D 802 278 1
20 L 4 242 2
20 D 708 242 1
20 D 585 242 1
20 L 4 242 2
20 D 531 242 1
20 D 614 242 1
20 L 9 83 3
20 L 9 95 1
20 L 9 109 1
20 D 658 83 1
20 D 1033 83 1
20 D 603 83 1
20 D 557 95 1
20 D 204 109 1
20 L 3 159 6
20 D 962 159 1
20 D 1016 159 1
20 D 1080 159 1
20 D 166 159 1
20 D 119 159 1
20 D 1236 159 1
20 L 9 85 1
20 L 9 104 1
20 L 9 114 1
20 D 782 85 1
20 D 1163 104 1
20 D 692 114 1
20 L 9 85 1
20 L 9 104 1
20 L 9 114 1
20 D 604 85 1
20 D 460 104 1
20 D 24 114 1
20 L 9 99 1
20 L 9 104 1
20 D 170 99 1
20 D 1089 104 1
20 L 4 394 3
20 D 139 394 1
20 D 745 394 1
20 D 654 394 1
20 L 0 140 2
20 L 0 168 1
20 D 336 140 1
20 D 1049 140 1
20 D 697 168 1
20 L 5 110 1
20 L 5 111 1
20 D 329 110 1
20 D 195 111 1
20 L 7 97 3
20 L 7 123 1
20 D 879 97 1
20 D 849 97 1
20 D 905 97 1
20 D 1073 123 1
20 L 3 224 2
20 D 747 224 1
20 D 225 224 1
20 L 6 107 1
20 L 6 111 1
20 D 891 107 1
20 D 902 111 1
21 L 0 31 3
21 L 0 299 1
21 D 598 31 1
21 D 985 31 1
21 D 587 31 1
21 D 1023 299 1
21 L 0 36 1
21 L 0 40 1
21 L 0 77 1
21 D 528 36 1
21 D 1249 40 1
21 D 508 77 1
21 L 3 2 1
21 L 3 4 1
21 L 3 6 4
21 L 3 50 1
21 D 387 2 1
21 D 364 4 1
21 D 1247 6 1
21 D 674 6 1
21 D 909 6 1
21 D 0 6 1
21 D 988 50 1
21 L 3 18 2
21 D 681 18 1
21 D 447 18 1
21 L 4 17 2
21 L 4 21 1
21 L 4 26 1
21 L 4 47 1
21 D 130 17 1
21 D 739 17 1
21 D 268 21 1
21 D 401 26 1
21 D 1079 47 1
21 L 4 38 1
21 L 4 52 2
21 L 4 299 1
21 D 1039 38 1
21 D 1134 52 1
21 D 827 52 1
21 D 6 299 1
21 L 4 43 1
21 L 4 70 1
21 D 1074 43 1
21 D 708 70 1
21 L 4 43 1
21 L 4 70 1
21 D 22 43 1
21 D 96 70 1
21 L 4 46 2
21 L 4 162 1
21 D 422 46 1
21 D 1136 46 1
21 D 829 162 1
21 L 4 57 1
21 L 4 59 1
21 L 4 112 1
21 D 1196 57 1
21 D 112 59 1
21 D 937 112 1
21 L 9 12 1
21 L 9 25 1
21 L 9 45 1
21 D 725 12 1
21 D 417 25 1
21 D 756 45 1
21 L 3 27 2
21 L 3 35 1
21 L 3 252 1
21 D 69 27 1
21 D 488 27 1
21 D 525 35 1
21 D 510 252 1
21 L 3 36 1
21 L 3 40 1
21 L 3 45 1
21 D 26 36 1
21 D 607 40 1
21 D 813 45 1
21 L 0 76 2
21 L 0 83 2
21 D 1064 76 1
21 D 641 76 1
21 D 9 83 1
21 D 635 83 1
21 L 3 57 1
21 L 3 70 1
21 L 3 77 1
21 D 418 57 1
21 D 501 70 1
21 D 393 77 1
21 L 7 19 1
21 L 7 40 1
21 L 7 68 1
21 L 7 145 2
21 D 983 19 1
21 D 271 40 1
21 D 1058 68 1
21 D 690 145 1
21 D 769 145 1
21 L 4 86 3
21 L 4 149 1
21 D 31 86 1
21 D 860 86 1
21 D 517 86 1
21 D 156 149 1
21 L 4 99 1
21 L 4 104 1
21 D 937 99 1
21 D 336 104 1
21 L 4 100 1
21 L 4 111 1
21 D 848 100 1
21 D 3 111 1
21 L 4 127 1
21 L 4 129 1
21 L 4 162 1
21 D 1049 127 1
21 D 798 129 1
21 D 752 162 1
21 L 7 19 1
21 L 7 60 1
21 L 7 145 2
21 D 978 19 1
21 D 440 60 1
21 D 1224 145 1
21 D 269 145 1
21 L 6 51 2
21 L 6 81 1
21 D 826 51 1
21 D 595 51 1
21 D 286 81 1
21 L 6 64 1
21 L 6 76 1
21 L 6 81 1
21 D 917 64 1
21 D 253 76 1
21 D 770 81 1
21 L 5 64 1
21 L 5 71 2
21 D 232 64 1
21 D 192 71 1
21 D 1029 71 1
21 L 2 30 1
21 L 2 56 1
21 D 231 30 1
21 D 28 56 1
21 L 0 110 1
21 L 0 119 1
21 D 536 110 1
21 D 196 119 1
21 L 7 38 1
21 L 7 68 4
21 D 237 38 1
21 D 419 68 1
21 D 1023 68 1
21 D 824 68 1
21 D 84 68 1
21 L 0 127 1
21 L 0 144 1
21 D 698 127 1
21 D 31 144 1
21 L 0 127 1
21 L 0 144 1
21 D 654 127 1
21 D 656 144 1
21 L 0 127 1
21 L 0 144 1
21 D 72 127 1
21 D 733 144 1
21 L 2 30 1
21 L 2 81 1
21 L 2 88 1
21 D 958 30 1
21 D 941 81 1
21 D 915 88 1
21 L 4 273 1
21 L 4 287 1
21 L 4 317 1
21 D 639 273 1
21 D 1006 287 1
21 D 1071 317 1
21 L 4 290 5
21 D 258 290 1
21 D 109 290 1
21 D 1089 290 1
21 D 337 290 1
21 D 480 290 1
21 L 3 167 1
21 L 3 172 2
21 D 112 167 1
21 D 386 172 1
21 D 936 172 1
21 L 5 99 1
21 L 5 104 1
21 D 826 99 1
21 D 59 104 1
21 L 4 347 2
21 D 817 347 1
21 D 1171 347 1
21 L 4 348 1
21 L 4 350 1
21 L 4 371 1
21 D 915 348 1
21 D 761 350 1
21 D 605 371 1
21 L 4 374 1
21 L 4 375 3
21 D 588 374 1
21 D 990 375 1
21 D 590 375 1
21 D 863 375 1
21 L 4 390 2
21 D 797 390 1
21 D 1115 390 1
21 L 3 201 3
21 L 3 253 1
21 D 804 201 1
21 D 62 201 1
21 D 540 201 1
21 D 716 253 1
21 L 3 204 2
21 L 3 210 1
21 D 12 204 1
21 D 88 204 1
21 D 1215 210 1
21 L 3 218 1
21 L 3 219 2
21 L 3 227 1
21 D 1172 218 1
21 D 772 219 1
21 D 498 219 1
21 D 977 227 1
21 L 5 100 1
21 L 5 111 1
21 D 510 100 1
21 D 707 111 1
21 L 3 224 2
21 D 721 224 1
21 D 23 224 1
21 L 9 100 1
21 L 9 104 1
21 L 9 128 1
21 D 582 100 1
21 D 618 104 1
21 D 982 128 1
21 L 2 49 1
21 L 2 84 2
21 D 1159 49 1
21 D 362 84 1
21 D 741 84 1
22 L 0 31 3
22 L 0 299 1
22 D 969 31 1
22 D 801 31 1
22 D 943 31 1
22 D 339 299 1
22 L 5 10 1
22 L 5 15 1
22 L 5 50 1
22 L 5 184 1
22 D 124 10 1
22 D 959 15 1
22 D 45 50 1
22 D 752 184 1
22 L 7 2 2
22 L 7 45 1
22 L 7 62 3
22 D 681 2 1
22 D 385 2 1
22 D 69 45 1
22 D 219 62 1
22 D 764 62 1
22 D 1248 62 1
22 L 0 64 1
22 L 0 72 1
22 L 0 81 1
22 D 431 64 1
22 D 766 72 1
22 D 1023 81 1
22 L 0 64 1
22 L 0 72 1
22 L 0 81 1
22 D 552 64 1
22 D 1070 72 1
22 D 229 81 1
22 L 0 64 1
22 L 0 73 1
22 L 0 114 1
22 D 627 64 1
22 D 72 73 1
22 D 764 114 1
22 L 2 7 2
22 L 2 26 1
22 L 2 63 1
22 D 273 7 1
22 D 71 7 1
22 D 541 26 1
22 D 612 63 1
22 L 2 7 2
22 L 2 34 1
22 L 2 299 1
22 D 858 7 1
22 D 130 7 1
22 D 264 34 1
22 D 1137 299 1
22 L 2 7 1
22 L 2 24 1
22 L 2 35 1
22 L 2 252 1
22 D 532 7 1
22 D 201 24 1
22 D 805 35 1
22 D 427 252 1
22 L 7 19 1
22 L 7 24 1
22 L 7 68 1
22 L 7 145 1
22 D 1221 19 1
22 D 354 24 1
22 D 54 68 1
22 D 319 145 1
22 L 8 5 5
22 L 8 252 1
22 D 1011 5 1
22 D 713 5 1
22 D 457 5 1
22 D 1205 5 1
22 D 447 5 1
22 D 326 252 1
22 L 3 85 1
22 L 3 94 2
22 D 648 85 1
22 D 773 94 1
22 D 271 94 1
22 L 8 5 4
22 L 8 21 1
22 L 8 252 1
22 D 600 5 1
22 D 920 5 1
22 D 582 5 1
22 D 623 5 1
22 D 1025 21 1
22 D 368 252 1
22 L 3 121 3
22 D 758 121 1
22 D 217 121 1
22 D 23 121 1
22 L 9 58 4
22 L 9 88 1
22 D 681 58 1
22 D 455 58 1
22 D 1246 58 1
22 D 215 58 1
22 D 927 88 1
22 L 6 81 1
22 L 6 83 1
22 L 6 85 1
22 D 658 81 1
22 D 579 83 1
22 D 371 85 1
22 L 6 89 3
22 L 6 96 1
22 D 1217 89 1
22 D 406 89 1
22 D 662 89 1
22 D 335 96 1
22 L 6 90 2
22 L 6 109 1
22 D 269 90 1
22 D 938 90 1
22 D 1206 109 1
22 L 4 213 2
22 L 4 216 1
22 D 1074 213 1
22 D 970 213 1
22 D 461 216 1
22 L 4 225 1
22 L 4 226 1
22 L 4 268 1
22 D 949 225 1
22 D 1239 226 1
22 D 1109 268 1
22 L 4 237 3
22 L 4 278 1
22 D 797 237 1
22 D 588 237 1
22 D 1227 237 1
22 D 39 278 1
22 L 3 153 4
22 L 3 278 1
22 D 956 153 1
22 D 1144 153 1
22 D 22 153 1
22 D 902 153 1
22 D 1152 278 1
22 L 3 159 6
22 D 969 159 1
22 D 137 159 1
22 D 426 159 1
22 D 933 159 1
22 D 383 159 1
22 D 1017 159 1
22 L 0 133 2
22 L 0 163 1
22 D 624 133 1
22 D 895 133 1
22 D 1017 163 1
22 L 0 136 2
22 L 0 163 1
22 D 342 136 1
22 D 429 136 1
22 D 752 163 1
22 L 7 85 1
22 L 7 95 1
22 L 7 114 1
22 D 199 85 1
22 D 173 95 1
22 D 565 114 1
22 L 7 93 1
22 L 7 97 1
22 L 7 105 1
22 D 296 93 1
22 D 886 97 1
22 D 1172 105 1
22 L 3 190 2
22 L 3 216 1
22 D 633 190 1
22 D 1101 190 1
22 D 1187 216 1
22 L 5 100 1
22 L 5 106 1
22 L 5 364 1
22 D 1218 100 1
22 D 1122 106 1
22 D 7 364 1
22 L 3 206 2
22 L 3 218 1
22 D 259 206 1
22 D 1026 206 1
22 D 169 218 1
22 L 3 219 1
22 L 3 221 2
22 D 7 219 1
22 D 456 221 1
22 D 417 221 1
22 L 3 223 2
22 L 3 245 1
22 D 498 223 1
22 D 418 223 1
22 D 1133 245 1
22 L 3 224 2
22 D 63 224 1
22 D 321 224 1
23 L 0 31 3
23 L 0 299 1
23 D 699 31 1
23 D 907 31 1
23 D 1147 31 1
23 D 231 299 1
23 L 0 42 1
23 L 0 43 1
23 D 308 42 1
23 D 1023 43 1
23 L 0 48 1
23 L 0 70 1
23 D 475 48 1
23 D 32 70 1
23 L 0 57 1
23 L 0 70 1
23 L 0 88 1
23 D 986 57 1
23 D 1017 70 1
23 D 83 88 1
23 L 0 61 2
23 L 0 126 1
23 D 1228 61 1
23 D 536 61 1
23 D 824 126 1
23 L 0 64 1
23 L 0 72 1
23 L 0 81 1
23 D 255 64 1
23 D 213 72 1
23 D 88 81 1
23 L 5 38 1
23 L 5 40 1
23 L 5 126 1
23 D 454 38 1
23 D 375 40 1
23 D 633 126 1
23 L 3 18 1
23 L 3 20 1
23 L 3 47 1
23 D 4 18 1
23 D 793 20 1
23 D 494 47 1
23 L 0 73 3
23 D 414 73 1
23 D 960 73 1
23 D 575 73 1
23 L 3 26 2
23 L 3 27 1
23 L 3 34 1
23 D 994 26 1
23 D 214 26 1
23 D 636 27 1
23 D 368 34 1
23 L 3 38 1
23 L 3 60 1
23 D 609 38 1
23 D 606 60 1
23 L 3 48 1
23 L 3 70 1
23 D 476 48 1
23 D 831 70 1
23 L 3 48 1
23 L 3 70 1
23 D 157 48 1
23 D 575 70 1
23 L 3 57 1
23 L 3 76 1
23 L 3 77 1
23 D 122 57 1
23 D 349 76 1
23 D 113 77 1
23 L 6 48 1
23 L 6 53 2
23 D 704 48 1
23 D 386 53 1
23 D 404 53 1
23 L 3 75 1
23 L 3 80 2
23 L 3 299 2
23 D 142 75 1
23 D 410 80 1
23 D 832 80 1
23 D 971 299 1
23 D 67 299 1
23 L 7 19 1
23 L 7 52 2
23 L 7 145 3
23 D 410 19 1
23 D 480 52 1
23 D 1034 52 1
23 D 433 145 1
23 D 1142 145 1
23 D 841 145 1
23 L 4 127 1
23 L 4 139 1
23 L 4 252 1
23 D 332 127 1
23 D 523 139 1
23 D 893 252 1
23 L 4 133 2
23 L 4 139 1
23 L 4 259 1
23 D 809 133 1
23 D 728 133 1
23 D 726 139 1
23 D 1203 259 1
23 L 7 19 1
23 L 7 68 4
23 L 7 145 2
23 D 670 19 1
23 D 981 68 1
23 D 195 68 1
23 D 404 68 1
23 D 62 68 1
23 D 567 145 1
23 D 604 145 1
23 L 1 28 6
23 D 1213 28 1
23 D 1207 28 1
23 D 376 28 1
23 D 845 28 1
23 D 1138 28 1
23 D 350 28 1
23 L 0 124 2
23 L 0 129 1
23 D 862 124 1
23 D 97 124 1
23 D 198 129 1
23 L 0 127 1
23 L 0 138 1
23 L 0 152 1
23 D 231 127 1
23 D 499 138 1
23 D 548 152 1
23 L 5 75 1
23 L 5 76 1
23 D 549 75 1
23 D 743 76 1
23 L 4 242 2
23 D 1171 242 1
23 D 472 242 1
23 L 4 248 1
23 L 4 260 1
23 D 204 248 1
23 D 258 260 1
23 L 4 262 2
23 L 4 287 1
23 D 433 262 1
23 D 942 262 1
23 D 949 287 1
23 L 4 273 1
23 L 4 281 1
23 D 1245 273 1
23 D 12 281 1
23 L 3 159 5
23 L 3 163 1
23 D 712 159 1
23 D 277 159 1
23 D 182 159 1
23 D 518 159 1
23 D 815 159 1
23 D 913 163 1
23 L 3 176 1
23 L 3 181 1
23 D 132 176 1
23 D 418 181 1
23 L 3 186 2
23 L 3 216 1
23 D 142 186 1
23 D 1075 186 1
23 D 1158 216 1
23 L 3 199 2
23 L 3 208 1
23 D 473 199 1
23 D 1225 199 1
23 D 1151 208 1
23 L 3 200 2
23 L 3 201 1
23 L 3 216 1
23 D 1204 200 1
23 D 13 200 1
23 D 1006 201 1
23 D 1126 216 1
23 L 3 205 2
23 D 613 205 1
23 D 718 205 1
23 L 3 214 2
23 L 3 283 1
23 D 151 214 1
23 D 1148 214 1
23 D 718 283 1
23 L 3 224 2
23 D 311 224 1
23 D 731 224 1
23 L 5 110 1
23 L 5 111 1
23 D 137 110 1
23 D 393 111 1
23 L 7 97 3
23 L 7 122 1
23 D 591 97 1
23 D 742 97 1
23 D 458 97 1
23 D 271 122 1
23 L 8 32 1
23 L 8 41 1
23 L 8 67 1
23 D 685 32 1
23 D 555 41 1
23 D 691 67 1
23 L 2 49 1
23 L 2 84 2
23 D 160 49 1
23 D 188 84 1
23 D 1035 84 1
23 L 9 110 1
23 L 9 114 2
23 D 1015 110 1
23 D 814 114 1
23 D 40 114 1
23 L 9 110 1
23 L 9 116 1
23 D 1033 110 1
23 D 217 116 1
23 L 9 116 2
23 L 9 120 1
23 D 1180 116 1
23 D 832 116 1
23 D 1129 120 1
23 L 6 107 1
23 L 6 119 1
23 D 72 107 1
23 D 451 119 1
24 L 0 31 3
24 L 0 299 1
24 D 73 31 1
24 D 1231 31 1
24 D 563 31 1
24 D 350 299 1
24 L 0 43 1
24 L 0 52 1
24 L 0 259 1
24 D 292 43 1
24 D 1131 52 1
24 D 535 259 1
24 L 7 2 2
24 L 7 45 1
24 L 7 145 1
24 D 1045 2 1
24 D 500 2 1
24 D 117 45 1
24 D 552 145 1
24 L 7 10 2
24 L 7 50 1
24 L 7 145 1
24 D 541 10 1
24 D 221 10 1
24 D 414 50 1
24 D 501 145 1
24 L 2 7 2
24 L 2 8 1
24 L 2 50 1
24 L 2 62 2
24 D 986 7 1
24 D 1036 7 1
24 D 192 8 1
24 D 481 50 1
24 D 351 62 1
24 D 536 62 1
24 L 0 73 3
24 D 341 73 1
24 D 76 73 1
24 D 458 73 1
24 L 4 75 1
24 L 4 78 1
24 L 4 162 1
24 D 17 75 1
24 D 586 78 1
24 D 495 162 1
24 L 3 27 2
24 L 3 42 1
24 D 470 27 1
24 D 771 27 1
24 D 155 42 1
24 L 2 30 1
24 L 2 35 1
24 L 2 44 1
24 D 426 30 1
24 D 1085 35 1
24 D 30 44 1
24 L 7 19 1
24 L 7 21 1
24 L 7 42 1
24 L 7 145 2
24 D 795 19 1
24 D 907 21 1
24 D 0 42 1
24 D 1133 145 1
24 D 394 145 1
24 L 5 57 1
24 L 5 60 1
24 D 862 57 1
24 D 632 60 1
24 L 3 75 1
24 L 3 80 2
24 L 3 299 2
24 D 577 75 1
24 D 458 80 1
24 D 605 80 1
24 D 639 299 1
24 D 671 299 1
24 L 4 99 1
24 L 4 104 1
24 D 948 99 1
24 D 866 104 1
24 L 4 100 1
24 L 4 111 1
24 D 736 100 1
24 D 839 111 1
24 L 4 100 1
24 L 4 114 2
24 L 4 259 1
24 D 653 100 1
24 D 1230 114 1
24 D 993 114 1
24 D 966 259 1
24 L 4 127 1
24 L 4 129 1
24 L 4 162 1
24 D 233 127 1
24 D 605 129 1
24 D 196 162 1
24 L 7 19 1
24 L 7 61 1
24 L 7 145 1
24 L 7 342 1
24 D 884 19 1
24 D 284 61 1
24 D 174 145 1
24 D 981 342 1
24 L 7 19 1
24 L 7 68 4
24 L 7 259 1
24 D 421 19 1
24 D 641 68 1
24 D 977 68 1
24 D 398 68 1
24 D 295 68 1
24 D 517 259 1
24 L 2 30 1
24 L 2 56 1
24 D 922 30 1
24 D 441 56 1
24 L 0 110 1
24 L 0 119 1
24 D 548 110 1
24 D 384 119 1
24 L 0 118 1
24 L 0 120 1
24 L 0 122 1
24 D 441 118 1
24 D 527 120 1
24 D 1023 122 1
24 L 0 123 1
24 L 0 124 2
24 D 431 123 1
24 D 1153 124 1
24 D 1012 124 1
24 L 3 136 2
24 L 3 153 1
24 D 187 136 1
24 D 492 136 1
24 D 338 153 1
24 L 7 75 1
24 L 7 76 1
24 D 1226 75 1
24 D 1182 76 1
24 L 4 237 3
24 L 4 255 1
24 D 410 237 1
24 D 307 237 1
24 D 336 237 1
24 D 997 255 1
24 L 3 153 4
24 L 3 230 1
24 D 899 153 1
24 D 1109 153 1
24 D 810 153 1
24 D 307 153 1
24 D 610 230 1
24 L 3 154 2
24 D 803 154 1
24 D 823 154 1
24 L 3 154 1
24 L 3 156 2
24 L 3 159 1
24 D 635 154 1
24 D 386 156 1
24 D 90 156 1
24 D 498 159 1
24 L 3 159 6
24 D 448 159 1
24 D 1122 159 1
24 D 536 159 1
24 D 654 159 1
24 D 1104 159 1
24 D 493 159 1
24 L 4 273 1
24 L 4 287 1
24 L 4 352 1
24 D 715 273 1
24 D 911 287 1
24 D 703 352 1
24 L 4 297 4
24 D 915 297 1
24 D 59 297 1
24 D 436 297 1
24 D 548 297 1
24 L 5 99 1
24 L 5 104 1
24 D 329 99 1
24 D 1066 104 1
24 L 4 323 1
24 L 4 343 1
24 L 4 360 1
24 D 1113 323 1
24 D 239 343 1
24 D 382 360 1
24 L 4 348 2
24 L 4 360 1
24 D 1120 348 1
24 D 997 348 1
24 D 622 360 1
24 L 4 375 4
24 D 1040 375 1
24 D 758 375 1
24 D 1002 375 1
24 D 217 375 1
24 L 9 99 1
24 L 9 104 1
24 D 1099 99 1
24 D 581 104 1
24 L 9 99 1
24 L 9 104 1
24 D 1107 99 1
24 D 835 104 1
24 L 6 90 1
24 L 6 95 2
24 D 482 90 1
24 D 1185 95 1
24 D 364 95 1
25 L 0 31 3
25 L 0 299 1
25 D 312 31 1
25 D 828 31 1
25 D 1043 31 1
25 D 925 299 1
25 L 3 2 2
25 L 3 6 2
25 L 3 62 1
25 L 3 197 2
25 D 1191 2 1
25 D 199 2 1
25 D 148 6 1
25 D 457 6 1
25 D 749 62 1
25 D 1067 197 1
25 D 801 197 1
25 L 3 13 2
25 L 3 15 1
25 L 3 17 1
25 L 3 50 1
25 D 329 13 1
25 D 1205 13 1
25 D 972 15 1
25 D 144 17 1
25 D 1190 50 1
25 L 7 15 2
25 L 7 50 1
25 L 7 145 1
25 D 1079 15 1
25 D 1002 15 1
25 D 412 50 1
25 D 1064 145 1
25 L 5 43 1
25 L 5 52 1
25 L 5 184 4
25 D 792 43 1
25 D 906 52 1
25 D 708 184 1
25 D 1049 184 1
25 D 467 184 1
25 D 433 184 1
25 L 4 57 1
25 L 4 59 1
25 L 4 112 1
25 D 753 57 1
25 D 184 59 1
25 D 613 112 1
25 L 3 20 2
25 L 3 26 1
25 D 858 20 1
25 D 350 20 1
25 D 478 26 1
25 L 3 27 2
25 L 3 35 1
25 L 3 252 1
25 D 997 27 1
25 D 1039 27 1
25 D 462 35 1
25 D 477 252 1
25 L 3 27 1
25 L 3 32 1
25 L 3 45 1
25 D 1054 27 1
25 D 259 32 1
25 D 598 45 1
25 L 0 82 1
25 L 0 92 1
25 L 0 96 1
25 D 1159 82 1
25 D 1021 92 1
25 D 278 96 1
25 L 0 85 1
25 L 0 92 1
25 L 0 137 1
25 D 251 85 1
25 D 361 92 1
25 D 215 137 1
25 L 0 91 1
25 L 0 92 1
25 D 517 91 1
25 D 507 92 1
25 L 2 30 1
25 L 2 56 1
25 D 882 30 1
25 D 492 56 1
25 L 5 57 1
25 L 5 60 1
25 D 724 57 1
25 D 791 60 1
25 L 4 110 1
25 L 4 120 1
25 L 4 162 1
25 D 109 110 1
25 D 435 120 1
25 D 719 162 1
25 L 6 51 2
25 L 6 79 1
25 L 6 299 1
25 D 23 51 1
25 D 614 51 1
25 D 526 79 1
25 D 434 299 1
25 L 9 32 2
25 D 914 32 1
25 D 717 32 1
25 L 9 38 1
25 L 9 52 2
25 D 1129 38 1
25 D 830 52 1
25 D 744 52 1
25 L 0 99 1
25 L 0 104 1
25 D 412 99 1
25 D 32 104 1
25 L 0 100 1
25 L 0 104 1
25 L 0 149 1
25 D 762 100 1
25 D 384 104 1
25 D 1011 149 1
25 L 0 100 1
25 L 0 104 1
25 L 0 149 1
25 D 598 100 1
25 D 455 104 1
25 D 453 149 1
25 L 5 64 1
25 L 5 71 2
25 D 645 64 1
25 D 400 71 1
25 D 438 71 1
25 L 3 122 5
25 L 3 126 1
25 D 190 122 1
25 D 988 122 1
25 D 511 122 1
25 D 135 122 1
25 D 600 122 1
25 D 281 126 1
25 L 3 122 2
25 L 3 123 2
25 L 3 126 1
25 L 3 138 1
25 D 228 122 1
25 D 492 122 1
25 D 659 123 1
25 D 411 123 1
25 D 642 126 1
25 D 1052 138 1
25 L 3 127 1
25 L 3 149 2
25 D 649 127 1
25 D 680 149 1
25 D 450 149 1
25 L 3 132 2
25 D 386 132 1
25 D 73 132 1
25 L 3 133 2
25 L 3 153 1
25 D 222 133 1
25 D 124 133 1
25 D 659 153 1
25 L 7 68 9
25 D 202 68 1
25 D 109 68 1
25 D 416 68 1
25 D 614 68 1
25 D 743 68 1
25 D 1136 68 1
25 D 765 68 1
25 D 1239 68 1
25 D 310 68 1
25 L 6 90 2
25 L 6 114 1
25 D 1205 90 1
25 D 587 90 1
25 D 885 114 1
25 L 6 90 2
25 L 6 114 1
25 D 879 90 1
25 D 993 90 1
25 D 621 114 1
25 L 6 90 2
25 L 6 114 1
25 D 59 90 1
25 D 142 90 1
25 D 1245 114 1
25 L 4 273 1
25 L 4 287 1
25 L 4 352 1
25 D 985 273 1
25 D 945 287 1
25 D 863 352 1
25 L 4 306 2
25 L 4 314 1
25 D 348 306 1
25 D 398 306 1
25 D 734 314 1
25 L 4 306 2
25 L 4 357 1
25 D 195 306 1
25 D 1156 306 1
25 D 110 357 1
25 L 5 100 1
25 L 5 111 1
25 D 960 100 1
25 D 275 111 1
25 L 7 93 1
25 L 7 97 1
25 L 7 105 1
25 D 623 93 1
25 D 198 97 1
25 D 186 105 1
26 L 0 31 3
26 L 0 299 1
26 D 39 31 1
26 D 899 31 1
26 D 761 31 1
26 D 464 299 1
26 L 5 10 2
26 L 5 50 1
26 L 5 184 1
26 D 1018 10 1
26 D 300 10 1
26 D 1215 50 1
26 D 9 184 1
26 L 0 57 1
26 L 0 60 1
26 D 140 57 1
26 D 1023 60 1
26 L 0 57 1
26 L 0 70 1
26 L 0 88 1
26 D 229 57 1
26 D 1209 70 1
26 D 985 88 1
26 L 0 61 1
26 L 0 64 1
26 D 807 61 1
26 D 413 64 1
26 L 5 35 5
26 L 5 63 1
26 L 5 184 2
26 D 222 35 1
26 D 12 35 1
26 D 267 35 1
26 D 1084 35 1
26 D 448 35 1
26 D 1058 63 1
26 D 683 184 1
26 D 506 184 1
26 L 3 18 2
26 D 397 18 1
26 D 504 18 1
26 L 9 10 1
26 L 9 14 1
26 L 9 342 1
26 D 376 10 1
26 D 692 14 1
26 D 23 342 1
26 L 9 12 1
26 L 9 25 1
26 L 9 45 1
26 D 479 12 1
26 D 1009 25 1
26 D 504 45 1
26 L 9 12 1
26 L 9 25 1
26 L 9 47 1
26 L 9 299 1
26 D 270 12 1
26 D 136 25 1
26 D 726 47 1
26 D 107 299 1
26 L 9 12 1
26 L 9 25 1
26 L 9 63 2
26 D 1204 12 1
26 D 187 25 1
26 D 537 63 1
26 D 47 63 1
26 L 0 73 1
26 L 0 76 2
26 L 0 126 1
26 D 518 73 1
26 D 452 76 1
26 D 1200 76 1
26 D 1014 126 1
26 L 0 85 1
26 L 0 92 1
26 L 0 137 1
26 D 494 85 1
26 D 1158 92 1
26 D 1124 137 1
26 L 2 30 1
26 L 2 56 1
26 D 224 30 1
26 D 41 56 1
26 L 5 57 1
26 L 5 71 2
26 L 5 299 1
26 D 512 57 1
26 D 853 71 1
26 D 1012 71 1
26 D 288 299 1
26 L 6 51 2
26 L 6 79 1
26 D 114 51 1
26 D 643 51 1
26 D 136 79 1
26 L 3 99 1
26 L 3 104 1
26 D 420 99 1
26 D 1152 104 1
26 L 3 100 1
26 L 3 111 1
26 D 45 100 1
26 D 112 111 1
26 L 3 110 1
26 L 3 114 2
26 D 684 110 1
26 D 983 114 1
26 D 1172 114 1
26 L 3 121 3
26 D 73 121 1
26 D 199 121 1
26 D 443 121 1
26 L 5 61 2
26 L 5 149 1
26 D 322 61 1
26 D 470 61 1
26 D 633 149 1
26 L 3 121 3
26 D 569 121 1
26 D 1085 121 1
26 D 830 121 1
26 L 1 28 6
26 D 1099 28 1
26 D 434 28 1
26 D 717 28 1
26 D 244 28 1
26 D 258 28 1
26 D 1040 28 1
26 L 4 167 1
26 L 4 185 1
26 L 4 216 1
26 D 940 167 1
26 D 613 185 1
26 D 850 216 1
26 L 4 185 3
26 D 1057 185 1
26 D 437 185 1
26 D 1248 185 1
26 L 0 110 1
26 L 0 119 1
26 D 642 110 1
26 D 499 119 1
26 L 0 120 3
26 L 0 123 1
26 D 667 120 1
26 D 395 120 1
26 D 735 120 1
26 D 492 123 1
26 L 5 75 1
26 L 5 81 1
26 L 5 149 1
26 D 733 75 1
26 D 592 81 1
26 D 784 149 1
26 L 0 127 1
26 L 0 163 1
26 D 535 127 1
26 D 922 163 1
26 L 0 133 2
26 L 0 163 1
26 D 661 133 1
26 D 122 133 1
26 D 181 163 1
26 L 0 133 2
26 L 0 163 1
26 D 750 133 1
26 D 1138 133 1
26 D 740 163 1
26 L 5 99 1
26 L 5 104 1
26 D 1202 99 1
26 D 73 104 1
26 L 3 164 2
26 D 236 164 1
26 D 709 164 1
26 L 4 306 2
26 L 4 352 2
26 D 1050 306 1
26 D 947 306 1
26 D 969 352 1
26 D 277 352 1
26 L 6 90 2
26 L 6 138 1
26 D 476 90 1
26 D 968 90 1
26 D 170 138 1
26 L 9 100 1
26 L 9 104 1
26 L 9 128 1
26 D 964 100 1
26 D 703 104 1
26 D 246 128 1
26 L 0 150 1
26 L 0 157 1
26 D 973 150 1
26 D 824 157 1
26 L 0 151 2
26 D 436 151 1
26 D 295 151 1
27 L 0 31 3
27 L 0 299 1
27 D 76 31 1
27 D 406 31 1
27 D 1171 31 1
27 D 1048 299 1
27 L 5 15 2
27 L 5 50 1
27 L 5 184 1
27 D 1012 15 1
27 D 304 15 1
27 D 348 50 1
27 D 1229 184 1
27 L 7 8 5
27 L 7 47 1
27 D 298 8 1
27 D 1033 8 1
27 D 995 8 1
27 D 1070 8 1
27 D 607 8 1
27 D 1120 47 1
27 L 4 10 2
27 L 4 50 1
27 L 4 342 1
27 D 207 10 1
27 D 165 10 1
27 D 109 50 1
27 D 978 342 1
27 L 4 16 3
27 L 4 63 1
27 D 1008 16 1
27 D 103 16 1
27 D 1192 16 1
27 D 253 63 1
27 L 9 2 1
27 L 9 8 1
27 L 9 16 1
27 L 9 50 2
27 D 1016 2 1
27 D 173 8 1
27 D 783 16 1
27 D 884 50 1
27 D 755 50 1
27 L 9 12 1
27 L 9 24 1
27 L 9 342 1
27 D 871 12 1
27 D 884 24 1
27 D 4 342 1
27 L 6 32 2
27 D 1093 32 1
27 D 975 32 1
27 L 6 35 3
27 L 6 37 1
27 L 6 63 1
27 D 1167 35 1
27 D 880 35 1
27 D 675 35 1
27 D 566 37 1
27 D 656 63 1
27 L 0 73 3
27 D 242 73 1
27 D 868 73 1
27 D 107 73 1
27 L 9 12 1
27 L 9 29 2
27 L 9 259 1
27 D 1221 12 1
27 D 1090 29 1
27 D 500 29 1
27 D 360 259 1
27 L 9 14 2
27 D 859 14 1
27 D 1104 14 1
27 L 6 46 2
27 L 6 252 1
27 D 366 46 1
27 D 1096 46 1
27 D 700 252 1
27 L 6 48 1
27 L 6 70 1
27 D 173 48 1
27 D 781 70 1
27 L 6 48 1
27 L 6 70 1
27 D 842 48 1
27 D 174 70 1
27 L 6 51 2
27 L 6 79 1
27 L 6 299 1
27 D 1107 51 1
27 D 1211 51 1
27 D 162 79 1
27 D 818 299 1
27 L 9 32 2
27 D 200 32 1
27 D 217 32 1
27 L 9 38 1
27 L 9 52 2
27 D 40 38 1
27 D 1244 52 1
27 D 1193 52 1
27 L 6 57 1
27 L 6 60 1
27 D 113 57 1
27 D 277 60 1
27 L 6 64 1
27 L 6 76 1
27 L 6 81 1
27 D 1170 64 1
27 D 347 76 1
27 D 134 81 1
27 L 4 155 1
27 L 4 172 2
27 D 172 155 1
27 D 861 172 1
27 D 1168 172 1
27 L 4 155 1
27 L 4 181 1
27 L 4 230 1
27 D 771 155 1
27 D 265 181 1
27 D 96 230 1
27 L 4 175 1
27 L 4 185 1
27 D 940 175 1
27 D 649 185 1
27 L 7 32 2
27 D 1247 32 1
27 D 322 32 1
27 L 4 190 1
27 L 4 191 2
27 L 4 216 1
27 D 1125 190 1
27 D 1120 191 1
27 D 854 191 1
27 D 451 216 1
27 L 4 201 2
27 L 4 204 1
27 D 544 201 1
27 D 435 201 1
27 D 798 204 1
27 L 4 210 3
27 L 4 216 1
27 D 879 210 1
27 D 156 210 1
27 D 301 210 1
27 D 984 216 1
27 L 4 219 1
27 L 4 221 2
27 D 63 219 1
27 D 753 221 1
27 D 74 221 1
27 L 4 226 3
27 L 4 278 1
27 D 627 226 1
27 D 950 226 1
27 D 0 226 1
27 D 1066 278 1
27 L 4 262 2
27 L 4 287 1
27 D 1109 262 1
27 D 561 262 1
27 D 1199 287 1
27 L 4 270 2
27 D 344 270 1
27 D 1144 270 1
27 L 4 273 1
27 L 4 280 1
27 L 4 304 1
27 D 1192 273 1
27 D 1120 280 1
27 D 1062 304 1
27 L 4 273 1
27 L 4 287 1
27 L 4 317 1
27 D 441 273 1
27 D 362 287 1
27 D 336 317 1
27 L 4 275 1
27 L 4 285 1
27 L 4 290 1
27 D 63 275 1
27 D 1073 285 1
27 D 397 290 1
27 L 4 306 2
27 L 4 314 1
27 D 1240 306 1
27 D 996 306 1
27 D 736 314 1
27 L 4 322 1
27 L 4 327 1
27 D 753 322 1
27 D 504 327 1
27 L 9 85 1
27 L 9 104 1
27 L 9 114 1
27 D 525 85 1
27 D 1002 104 1
27 D 914 114 1
27 L 9 91 1
27 L 9 104 1
27 D 195 91 1
27 D 850 104 1
28 L 0 31 3
28 L 0 299 1
28 D 233 31 1
28 D 164 31 1
28 D 963 31 1
28 D 110 299 1
28 L 5 16 3
28 L 5 63 1
28 L 5 197 1
28 D 436 16 1
28 D 642 16 1
28 D 611 16 1
28 D 122 63 1
28 D 651 197 1
28 L 5 24 2
28 L 5 26 1
28 L 5 63 1
28 L 5 184 1
28 D 471 24 1
28 D 606 24 1
28 D 323 26 1
28 D 1052 63 1
28 D 801 184 1
28 L 3 16 3
28 L 3 63 1
28 D 943 16 1
28 D 510 16 1
28 D 575 16 1
28 D 577 63 1
28 L 3 16 2
28 L 3 17 1
28 L 3 45 1
28 D 645 16 1
28 D 467 16 1
28 D 703 17 1
28 D 1125 45 1
28 L 3 18 2
28 D 58 18 1
28 D 1180 18 1
28 L 9 10 2
28 L 9 62 3
28 L 9 299 1
28 D 68 10 1
28 D 985 10 1
28 D 706 62 1
28 D 677 62 1
28 D 362 62 1
28 D 559 299 1
28 L 9 12 1
28 L 9 25 1
28 L 9 45 1
28 D 592 12 1
28 D 1132 25 1
28 D 796 45 1
28 L 9 12 1
28 L 9 25 1
28 L 9 63 2
28 D 430 12 1
28 D 199 25 1
28 D 631 63 1
28 D 1197 63 1
28 L 9 12 1
28 L 9 29 2
28 L 9 252 1
28 D 794 12 1
28 D 320 29 1
28 D 514 29 1
28 D 1099 252 1
28 L 9 14 2
28 D 695 14 1
28 D 888 14 1
28 L 3 61 2
28 L 3 80 1
28 D 373 61 1
28 D 613 61 1
28 D 403 80 1
28 L 3 61 2
28 L 3 80 1
28 D 304 61 1
28 D 466 61 1
28 D 577 80 1
28 L 3 64 1
28 L 3 80 4
28 L 3 264 1
28 D 673 64 1
28 D 1221 80 1
28 D 454 80 1
28 D 517 80 1
28 D 482 80 1
28 D 1223 264 1
28 L 6 48 1
28 L 6 76 1
28 D 284 48 1
28 D 627 76 1
28 L 6 51 2
28 L 6 79 1
28 D 136 51 1
28 D 372 51 1
28 D 733 79 1
28 L 2 30 1
28 L 2 56 1
28 D 653 30 1
28 D 912 56 1
28 L 5 61 1
28 L 5 64 1
28 D 362 61 1
29 L 0 31 3
29 L 0 299 1
29 D 481 31 1
29 D 532 31 1
29 D 388 31 1
29 D 454 299 1
29 L 7 2 2
29 L 7 45 1
29 L 7 145 1
29 D 863 2 1
29 D 550 2 1
29 D 157 45 1
29 D 228 145 1
29 L 5 36 1
29 L 5 37 1
29 L 5 112 1
29 D 507 36 1
29 D 1101 37 1
29 D 636 112 1
29 L 3 18 2
29 D 89 18 1
29 D 818 18 1
29 L 9 12 1
29 L 9 16 1
29 L 9 63 1
29 L 9 342 1
29 D 170 12 1
29 D 247 16 1
29 D 405 63 1
29 D 130 342 1
29 L 4 43 1
29 L 4 74 1
29 L 4 112 1
29 D 91 43 1
29 D 728 74 1
29 D 295 112 1
29 L 4 57 1
29 L 4 59 1
29 L 4 162 1
29 D 1231 57 1
29 D 1054 59 1
29 D 59 162 1
29 L 4 78 4
29 L 4 162 1
29 D 648 78 1
29 D 75 78 1
29 D 994 78 1
29 D 28 78 1
29 D 23 162 1
29 L 9 14 2
29 D 1180 14 1
29 D 934 14 1
29 L 4 78 3
29 L 4 81 1
29 L 4 88 1
29 D 120 78 1
29 D 512 78 1
29 D 1094 78 1
29 D 2 81 1
29 D 1074 88 1
29 L 4 85 1
29 L 4 86 1
29 L 4 138 1
29 D 687 85 1
29 D 1180 86 1
29 D 132 138 1
29 L 4 86 3
29 L 4 149 1
29 D 693 86 1
29 D 424 86 1
29 D 339 86 1
29 D 797 149 1
29 L 4 96 5
29 D 33 96 1
29 D 753 96 1
29 D 809 96 1
29 D 802 96 1
29 D 1168 96 1
29 L 4 99 1
29 L 4 104 1
29 D 765 99 1
29 D 990 104 1
29 L 4 99 1
29 L 4 104 1
29 D 847 99 1
29 D 1040 104 1
29 L 4 100 1
29 L 4 111 1
29 D 934 100 1
29 D 850 111 1
29 L 4 101 1
29 L 4 117 2
29 L 4 162 2
29 D 765 101 1
29 D 810 117 1
29 D 944 117 1
29 D 453 162 1
29 D 1200 162 1
29 L 5 57 1
29 L 5 71 2
29 L 5 299 1
29 D 298 57 1
29 D 886 71 1
29 D 808 71 1
29 D 320 299 1
29 L 9 36 1
29 L 9 52 2
29 D 439 36 1
29 D 1045 52 1
29 D 156 52 1
29 L 4 136 2
29 L 4 139 1
29 D 410 136 1
29 D 863 136 1
29 D 478 139 1
29 L 3 121 3
29 D 1027 121 1
29 D 1094 121 1
29 D 192 121 1
29 L 2 30 1
29 L 2 56 1
29 D 1043 30 1
29 D 229 56 1
29 L 0 100 1
29 L 0 104 1
29 L 0 230 1
29 D 594 100 1
29 D 155 104 1
29 D 750 230 1
29 L 0 100 1
29 L 0 111 1
29 D 101 100 1
29 D 654 111 1
29 L 0 101 1
29 L 0 111 1
29 L 0 122 1
29 D 579 101 1
29 D 394 111 1
29 D 246 122 1
29 L 0 110 1
29 L 0 120 1
29 L 0 328 1
29 D 351 110 1
29 D 181 120 1
29 D 1027 328 1
29 L 0 127 1
29 L 0 129 1
29 D 492 127 1
29 D 452 129 1
29 L 0 127 1
29 L 0 137 1
29 L 0 138 1
29 D 697 127 1
29 D 808 137 1
29 D 283 138 1
29 L 0 127 1
29 L 0 144 1
29 D 1122 127 1
29 D 1014 144 1
29 L 0 127 1
29 L 0 152 1
29 L 0 179 1
29 D 1094 127 1
29 D 477 152 1
29 D 800 179 1
29 L 0 132 2
29 D 399 132 1
29 D 548 132 1
29 L 5 81 3
29 L 5 83 2
29 D 420 81 1
29 D 80 81 1
29 D 898 81 1
29 D 231 83 1
29 D 346 83 1
29 L 0 133 2
29 L 0 163 1
29 D 394 133 1
29 D 398 133 1
29 D 615 163 1
29 L 0 140 2
29 L 0 168 1
29 D 492 140 1
29 D 196 140 1
29 D 198 168 1
29 L 0 140 2
29 L 0 168 1
29 D 615 140 1
29 D 953 140 1
29 D 1131 168 1
29 L 0 140 2
29 L 0 168 1
29 D 659 140 1
29 D 1188 140 1
29 D 453 168 1
29 L 5 100 1
29 L 5 106 1
29 L 5 329 1
29 D 632 100 1
29 D 854 106 1
29 D 472 329 1
29 L 4 396 1
29 L 4 397 1
29 L 4 398 1
29 D 1109 396 1
29 D 264 397 1
29 D 6 398 1
